   1,    1,    8,  322,  146
   2,    8,    9,  323,  322
   3,    9,   10,  324,  323
   4,   10,   11,  325,  324
   5,   11,   12,  326,  325
   6,   12,   13,  327,  326
   7,   13,   14,  328,  327
   8,   14,   15,  329,  328
   9,   15,   16,  330,  329
  10,   16,   17,  331,  330
  11,   17,   18,  332,  331
  12,   18,   19,  333,  332
  13,   19,   20,  334,  333
  14,   20,   21,  335,  334
  15,   21,   22,  336,  335
  16,   22,   23,  337,  336
  17,   23,   24,  338,  337
  18,   24,   25,  339,  338
  19,   25,   26,  340,  339
  20,   26,   27,  341,  340
  21,   27,   28,  342,  341
  22,   28,    2,  343,  342
  23,    2,   29,  344,  343
  24,   29,   30,  345,  344
  25,   30,   31,  346,  345
  26,   31,   32,  347,  346
  27,   32,   33,  348,  347
  28,   33,   34,  349,  348
  29,   34,   35,  350,  349
  30,   35,   36,  351,  350
  31,   36,   37,  352,  351
  32,   37,   38,  353,  352
  33,   38,   39,  354,  353
  34,   39,   40,  355,  354
  35,   40,   41,  356,  355
  36,   41,   42,  357,  356
  37,   42,   43,  358,  357
  38,   43,   44,  359,  358
  39,   44,   45,  360,  359
  40,   45,   46,  361,  360
  41,   46,   47,  362,  361
  42,   47,   48,  363,  362
  43,   48,   49,  364,  363
  44,   49,    3,   50,  364
  45,  146,  322,  365,  145
  46,  322,  323,  366,  365
  47,  323,  324,  367,  366
  48,  324,  325,  368,  367
  49,  325,  326,  369,  368
  50,  326,  327,  370,  369
  51,  327,  328,  371,  370
  52,  328,  329,  372,  371
  53,  329,  330,  373,  372
  54,  330,  331,  374,  373
  55,  331,  332,  375,  374
  56,  332,  333,  376,  375
  57,  333,  334,  377,  376
  58,  334,  335,  378,  377
  59,  335,  336,  379,  378
  60,  336,  337,  380,  379
  61,  337,  338,  381,  380
  62,  338,  339,  382,  381
  63,  339,  340,  383,  382
  64,  340,  341,  384,  383
  65,  341,  342,  385,  384
  66,  342,  343,  386,  385
  67,  343,  344,  387,  386
  68,  344,  345,  388,  387
  69,  345,  346,  389,  388
  70,  346,  347,  390,  389
  71,  347,  348,  391,  390
  72,  348,  349,  392,  391
  73,  349,  350,  393,  392
  74,  350,  351,  394,  393
  75,  351,  352,  395,  394
  76,  352,  353,  396,  395
  77,  353,  354,  397,  396
  78,  354,  355,  398,  397
  79,  355,  356,  399,  398
  80,  356,  357,  400,  399
  81,  357,  358,  401,  400
  82,  358,  359,  402,  401
  83,  359,  360,  403,  402
  84,  360,  361,  404,  403
  85,  361,  362,  405,  404
  86,  362,  363,  406,  405
  87,  363,  364,  407,  406
  88,  364,   50,   51,  407
  89,  145,  365,  408,  144
  90,  365,  366,  409,  408
  91,  366,  367,  410,  409
  92,  367,  368,  411,  410
  93,  368,  369,  412,  411
  94,  369,  370,  413,  412
  95,  370,  371,  414,  413
  96,  371,  372,  415,  414
  97,  372,  373,  416,  415
  98,  373,  374,  417,  416
  99,  374,  375,  418,  417
 100,  375,  376,  419,  418
 101,  376,  377,  420,  419
 102,  377,  378,  421,  420
 103,  378,  379,  422,  421
 104,  379,  380,  423,  422
 105,  380,  381,  424,  423
 106,  381,  382,  425,  424
 107,  382,  383,  426,  425
 108,  383,  384,  427,  426
 109,  384,  385,  428,  427
 110,  385,  386,  429,  428
 111,  386,  387,  430,  429
 112,  387,  388,  431,  430
 113,  388,  389,  432,  431
 114,  389,  390,  433,  432
 115,  390,  391,  434,  433
 116,  391,  392,  435,  434
 117,  392,  393,  436,  435
 118,  393,  394,  437,  436
 119,  394,  395,  438,  437
 120,  395,  396,  439,  438
 121,  396,  397,  440,  439
 122,  397,  398,  441,  440
 123,  398,  399,  442,  441
 124,  399,  400,  443,  442
 125,  400,  401,  444,  443
 126,  401,  402,  445,  444
 127,  402,  403,  446,  445
 128,  403,  404,  447,  446
 129,  404,  405,  448,  447
 130,  405,  406,  449,  448
 131,  406,  407,  450,  449
 132,  407,   51,   52,  450
 133,  144,  408,  451,  143
 134,  408,  409,  452,  451
 135,  409,  410,  453,  452
 136,  410,  411,  454,  453
 137,  411,  412,  455,  454
 138,  412,  413,  456,  455
 139,  413,  414,  457,  456
 140,  414,  415,  458,  457
 141,  415,  416,  459,  458
 142,  416,  417,  460,  459
 143,  417,  418,  461,  460
 144,  418,  419,  462,  461
 145,  419,  420,  463,  462
 146,  420,  421,  464,  463
 147,  421,  422,  465,  464
 148,  422,  423,  466,  465
 149,  423,  424,  467,  466
 150,  424,  425,  468,  467
 151,  425,  426,  469,  468
 152,  426,  427,  470,  469
 153,  427,  428,  471,  470
 154,  428,  429,  472,  471
 155,  429,  430,  473,  472
 156,  430,  431,  474,  473
 157,  431,  432,  475,  474
 158,  432,  433,  476,  475
 159,  433,  434,  477,  476
 160,  434,  435,  478,  477
 161,  435,  436,  479,  478
 162,  436,  437,  480,  479
 163,  437,  438,  481,  480
 164,  438,  439,  482,  481
 165,  439,  440,  483,  482
 166,  440,  441,  484,  483
 167,  441,  442,  485,  484
 168,  442,  443,  486,  485
 169,  443,  444,  487,  486
 170,  444,  445,  488,  487
 171,  445,  446,  489,  488
 172,  446,  447,  490,  489
 173,  447,  448,  491,  490
 174,  448,  449,  492,  491
 175,  449,  450,  493,  492
 176,  450,   52,   53,  493
 177,  143,  451,  494,  142
 178,  451,  452,  495,  494
 179,  452,  453,  496,  495
 180,  453,  454,  497,  496
 181,  454,  455,  498,  497
 182,  455,  456,  499,  498
 183,  456,  457,  500,  499
 184,  457,  458,  501,  500
 185,  458,  459,  502,  501
 186,  459,  460,  503,  502
 187,  460,  461,  504,  503
 188,  461,  462,  505,  504
 189,  462,  463,  506,  505
 190,  463,  464,  507,  506
 191,  464,  465,  508,  507
 192,  465,  466,  509,  508
 193,  466,  467,  510,  509
 194,  467,  468,  511,  510
 195,  468,  469,  512,  511
 196,  469,  470,  513,  512
 197,  470,  471,  514,  513
 198,  471,  472,  515,  514
 199,  472,  473,  516,  515
 200,  473,  474,  517,  516
 201,  474,  475,  518,  517
 202,  475,  476,  519,  518
 203,  476,  477,  520,  519
 204,  477,  478,  521,  520
 205,  478,  479,  522,  521
 206,  479,  480,  523,  522
 207,  480,  481,  524,  523
 208,  481,  482,  525,  524
 209,  482,  483,  526,  525
 210,  483,  484,  527,  526
 211,  484,  485,  528,  527
 212,  485,  486,  529,  528
 213,  486,  487,  530,  529
 214,  487,  488,  531,  530
 215,  488,  489,  532,  531
 216,  489,  490,  533,  532
 217,  490,  491,  534,  533
 218,  491,  492,  535,  534
 219,  492,  493,  536,  535
 220,  493,   53,   54,  536
 221,  142,  494,  537,  141
 222,  494,  495,  538,  537
 223,  495,  496,  539,  538
 224,  496,  497,  540,  539
 225,  497,  498,  541,  540
 226,  498,  499,  542,  541
 227,  499,  500,  543,  542
 228,  500,  501,  544,  543
 229,  501,  502,  545,  544
 230,  502,  503,  546,  545
 231,  503,  504,  547,  546
 232,  504,  505,  548,  547
 233,  505,  506,  549,  548
 234,  506,  507,  550,  549
 235,  507,  508,  551,  550
 236,  508,  509,  552,  551
 237,  509,  510,  553,  552
 238,  510,  511,  554,  553
 239,  511,  512,  555,  554
 240,  512,  513,  556,  555
 241,  513,  514,  557,  556
 242,  514,  515,  558,  557
 243,  515,  516,  559,  558
 244,  516,  517,  560,  559
 245,  517,  518,  561,  560
 246,  518,  519,  562,  561
 247,  519,  520,  563,  562
 248,  520,  521,  564,  563
 249,  521,  522,  565,  564
 250,  522,  523,  566,  565
 251,  523,  524,  567,  566
 252,  524,  525,  568,  567
 253,  525,  526,  569,  568
 254,  526,  527,  570,  569
 255,  527,  528,  571,  570
 256,  528,  529,  572,  571
 257,  529,  530,  573,  572
 258,  530,  531,  574,  573
 259,  531,  532,  575,  574
 260,  532,  533,  576,  575
 261,  533,  534,  577,  576
 262,  534,  535,  578,  577
 263,  535,  536,  579,  578
 264,  536,   54,   55,  579
 265,  141,  537,  580,  140
 266,  537,  538,  581,  580
 267,  538,  539,  582,  581
 268,  539,  540,  583,  582
 269,  540,  541,  584,  583
 270,  541,  542,  585,  584
 271,  542,  543,  586,  585
 272,  543,  544,  587,  586
 273,  544,  545,  588,  587
 274,  545,  546,  589,  588
 275,  546,  547,  590,  589
 276,  547,  548,  591,  590
 277,  548,  549,  592,  591
 278,  549,  550,  593,  592
 279,  550,  551,  594,  593
 280,  551,  552,  595,  594
 281,  552,  553,  596,  595
 282,  553,  554,  597,  596
 283,  554,  555,  598,  597
 284,  555,  556,  599,  598
 285,  556,  557,  600,  599
 286,  557,  558,  601,  600
 287,  558,  559,  602,  601
 288,  559,  560,  603,  602
 289,  560,  561,  604,  603
 290,  561,  562,  605,  604
 291,  562,  563,  606,  605
 292,  563,  564,  607,  606
 293,  564,  565,  608,  607
 294,  565,  566,  609,  608
 295,  566,  567,  610,  609
 296,  567,  568,  611,  610
 297,  568,  569,  612,  611
 298,  569,  570,  613,  612
 299,  570,  571,  614,  613
 300,  571,  572,  615,  614
 301,  572,  573,  616,  615
 302,  573,  574,  617,  616
 303,  574,  575,  618,  617
 304,  575,  576,  619,  618
 305,  576,  577,  620,  619
 306,  577,  578,  621,  620
 307,  578,  579,  622,  621
 308,  579,   55,   56,  622
 309,  140,  580,  623,  139
 310,  580,  581,  624,  623
 311,  581,  582,  625,  624
 312,  582,  583,  626,  625
 313,  583,  584,  627,  626
 314,  584,  585,  628,  627
 315,  585,  586,  629,  628
 316,  586,  587,  630,  629
 317,  587,  588,  631,  630
 318,  588,  589,  632,  631
 319,  589,  590,  633,  632
 320,  590,  591,  634,  633
 321,  591,  592,  635,  634
 322,  592,  593,  636,  635
 323,  593,  594,  637,  636
 324,  594,  595,  638,  637
 325,  595,  596,  639,  638
 326,  596,  597,  640,  639
 327,  597,  598,  641,  640
 328,  598,  599,  642,  641
 329,  599,  600,  643,  642
 330,  600,  601,  644,  643
 331,  601,  602,  645,  644
 332,  602,  603,  646,  645
 333,  603,  604,  647,  646
 334,  604,  605,  648,  647
 335,  605,  606,  649,  648
 336,  606,  607,  650,  649
 337,  607,  608,  651,  650
 338,  608,  609,  652,  651
 339,  609,  610,  653,  652
 340,  610,  611,  654,  653
 341,  611,  612,  655,  654
 342,  612,  613,  656,  655
 343,  613,  614,  657,  656
 344,  614,  615,  658,  657
 345,  615,  616,  659,  658
 346,  616,  617,  660,  659
 347,  617,  618,  661,  660
 348,  618,  619,  662,  661
 349,  619,  620,  663,  662
 350,  620,  621,  664,  663
 351,  621,  622,  665,  664
 352,  622,   56,   57,  665
 353,  139,  623,  666,  138
 354,  623,  624,  667,  666
 355,  624,  625,  668,  667
 356,  625,  626,  669,  668
 357,  626,  627,  670,  669
 358,  627,  628,  671,  670
 359,  628,  629,  672,  671
 360,  629,  630,  673,  672
 361,  630,  631,  674,  673
 362,  631,  632,  675,  674
 363,  632,  633,  676,  675
 364,  633,  634,  677,  676
 365,  634,  635,  678,  677
 366,  635,  636,  679,  678
 367,  636,  637,  680,  679
 368,  637,  638,  681,  680
 369,  638,  639,  682,  681
 370,  639,  640,  683,  682
 371,  640,  641,  684,  683
 372,  641,  642,  685,  684
 373,  642,  643,  686,  685
 374,  643,  644,  687,  686
 375,  644,  645,  688,  687
 376,  645,  646,  689,  688
 377,  646,  647,  690,  689
 378,  647,  648,  691,  690
 379,  648,  649,  692,  691
 380,  649,  650,  693,  692
 381,  650,  651,  694,  693
 382,  651,  652,  695,  694
 383,  652,  653,  696,  695
 384,  653,  654,  697,  696
 385,  654,  655,  698,  697
 386,  655,  656,  699,  698
 387,  656,  657,  700,  699
 388,  657,  658,  701,  700
 389,  658,  659,  702,  701
 390,  659,  660,  703,  702
 391,  660,  661,  704,  703
 392,  661,  662,  705,  704
 393,  662,  663,  706,  705
 394,  663,  664,  707,  706
 395,  664,  665,  708,  707
 396,  665,   57,   58,  708
 397,  138,  666,  709,  137
 398,  666,  667,  710,  709
 399,  667,  668,  711,  710
 400,  668,  669,  712,  711
 401,  669,  670,  713,  712
 402,  670,  671,  714,  713
 403,  671,  672,  715,  714
 404,  672,  673,  716,  715
 405,  673,  674,  717,  716
 406,  674,  675,  718,  717
 407,  675,  676,  719,  718
 408,  676,  677,  720,  719
 409,  677,  678,  721,  720
 410,  678,  679,  722,  721
 411,  679,  680,  723,  722
 412,  680,  681,  724,  723
 413,  681,  682,  725,  724
 414,  682,  683,  726,  725
 415,  683,  684,  727,  726
 416,  684,  685,  728,  727
 417,  685,  686,  729,  728
 418,  686,  687,  730,  729
 419,  687,  688,  731,  730
 420,  688,  689,  732,  731
 421,  689,  690,  733,  732
 422,  690,  691,  734,  733
 423,  691,  692,  735,  734
 424,  692,  693,  736,  735
 425,  693,  694,  737,  736
 426,  694,  695,  738,  737
 427,  695,  696,  739,  738
 428,  696,  697,  740,  739
 429,  697,  698,  741,  740
 430,  698,  699,  742,  741
 431,  699,  700,  743,  742
 432,  700,  701,  744,  743
 433,  701,  702,  745,  744
 434,  702,  703,  746,  745
 435,  703,  704,  747,  746
 436,  704,  705,  748,  747
 437,  705,  706,  749,  748
 438,  706,  707,  750,  749
 439,  707,  708,  751,  750
 440,  708,   58,   59,  751
 441,  137,  709,  752,  136
 442,  709,  710,  753,  752
 443,  710,  711,  754,  753
 444,  711,  712,  755,  754
 445,  712,  713,  756,  755
 446,  713,  714,  757,  756
 447,  714,  715,  758,  757
 448,  715,  716,  759,  758
 449,  716,  717,  760,  759
 450,  717,  718,  761,  760
 451,  718,  719,  762,  761
 452,  719,  720,  763,  762
 453,  720,  721,  764,  763
 454,  721,  722,  765,  764
 455,  722,  723,  766,  765
 456,  723,  724,  767,  766
 457,  724,  725,  768,  767
 458,  725,  726,  769,  768
 459,  726,  727,  770,  769
 460,  727,  728,  771,  770
 461,  728,  729,  772,  771
 462,  729,  730,  773,  772
 463,  730,  731,  774,  773
 464,  731,  732,  775,  774
 465,  732,  733,  776,  775
 466,  733,  734,  777,  776
 467,  734,  735,  778,  777
 468,  735,  736,  779,  778
 469,  736,  737,  780,  779
 470,  737,  738,  781,  780
 471,  738,  739,  782,  781
 472,  739,  740,  783,  782
 473,  740,  741,  784,  783
 474,  741,  742,  785,  784
 475,  742,  743,  786,  785
 476,  743,  744,  787,  786
 477,  744,  745,  788,  787
 478,  745,  746,  789,  788
 479,  746,  747,  790,  789
 480,  747,  748,  791,  790
 481,  748,  749,  792,  791
 482,  749,  750,  793,  792
 483,  750,  751,  794,  793
 484,  751,   59,   60,  794
 485,  136,  752,  795,  135
 486,  752,  753,  796,  795
 487,  753,  754,  797,  796
 488,  754,  755,  798,  797
 489,  755,  756,  799,  798
 490,  756,  757,  800,  799
 491,  757,  758,  801,  800
 492,  758,  759,  802,  801
 493,  759,  760,  803,  802
 494,  760,  761,  804,  803
 495,  761,  762,  805,  804
 496,  762,  763,  806,  805
 497,  763,  764,  807,  806
 498,  764,  765,  808,  807
 499,  765,  766,  809,  808
 500,  766,  767,  810,  809
 501,  767,  768,  811,  810
 502,  768,  769,  812,  811
 503,  769,  770,  813,  812
 504,  770,  771,  814,  813
 505,  771,  772,  815,  814
 506,  772,  773,  816,  815
 507,  773,  774,  817,  816
 508,  774,  775,  818,  817
 509,  775,  776,  819,  818
 510,  776,  777,  820,  819
 511,  777,  778,  821,  820
 512,  778,  779,  822,  821
 513,  779,  780,  823,  822
 514,  780,  781,  824,  823
 515,  781,  782,  825,  824
 516,  782,  783,  826,  825
 517,  783,  784,  827,  826
 518,  784,  785,  828,  827
 519,  785,  786,  829,  828
 520,  786,  787,  830,  829
 521,  787,  788,  831,  830
 522,  788,  789,  832,  831
 523,  789,  790,  833,  832
 524,  790,  791,  834,  833
 525,  791,  792,  835,  834
 526,  792,  793,  836,  835
 527,  793,  794,  837,  836
 528,  794,   60,   61,  837
 529,  135,  795,  838,  134
 530,  795,  796,  839,  838
 531,  796,  797,  840,  839
 532,  797,  798,  841,  840
 533,  798,  799,  842,  841
 534,  799,  800,  843,  842
 535,  800,  801,  844,  843
 536,  801,  802,  845,  844
 537,  802,  803,  846,  845
 538,  803,  804,  847,  846
 539,  804,  805,  848,  847
 540,  805,  806,  849,  848
 541,  806,  807,  850,  849
 542,  807,  808,  851,  850
 543,  808,  809,  852,  851
 544,  809,  810,  853,  852
 545,  810,  811,  854,  853
 546,  811,  812,  855,  854
 547,  812,  813,  856,  855
 548,  813,  814,  857,  856
 549,  814,  815,  858,  857
 550,  815,  816,  859,  858
 551,  816,  817,  860,  859
 552,  817,  818,  861,  860
 553,  818,  819,  862,  861
 554,  819,  820,  863,  862
 555,  820,  821,  864,  863
 556,  821,  822,  865,  864
 557,  822,  823,  866,  865
 558,  823,  824,  867,  866
 559,  824,  825,  868,  867
 560,  825,  826,  869,  868
 561,  826,  827,  870,  869
 562,  827,  828,  871,  870
 563,  828,  829,  872,  871
 564,  829,  830,  873,  872
 565,  830,  831,  874,  873
 566,  831,  832,  875,  874
 567,  832,  833,  876,  875
 568,  833,  834,  877,  876
 569,  834,  835,  878,  877
 570,  835,  836,  879,  878
 571,  836,  837,  880,  879
 572,  837,   61,   62,  880
 573,  134,  838,  881,  133
 574,  838,  839,  882,  881
 575,  839,  840,  883,  882
 576,  840,  841,  884,  883
 577,  841,  842,  885,  884
 578,  842,  843,  886,  885
 579,  843,  844,  887,  886
 580,  844,  845,  888,  887
 581,  845,  846,  889,  888
 582,  846,  847,  890,  889
 583,  847,  848,  891,  890
 584,  848,  849,  892,  891
 585,  849,  850,  893,  892
 586,  850,  851,  894,  893
 587,  851,  852,  895,  894
 588,  852,  853,  896,  895
 589,  853,  854,  897,  896
 590,  854,  855,  898,  897
 591,  855,  856,  899,  898
 592,  856,  857,  900,  899
 593,  857,  858,  901,  900
 594,  858,  859,  902,  901
 595,  859,  860,  903,  902
 596,  860,  861,  904,  903
 597,  861,  862,  905,  904
 598,  862,  863,  906,  905
 599,  863,  864,  907,  906
 600,  864,  865,  908,  907
 601,  865,  866,  909,  908
 602,  866,  867,  910,  909
 603,  867,  868,  911,  910
 604,  868,  869,  912,  911
 605,  869,  870,  913,  912
 606,  870,  871,  914,  913
 607,  871,  872,  915,  914
 608,  872,  873,  916,  915
 609,  873,  874,  917,  916
 610,  874,  875,  918,  917
 611,  875,  876,  919,  918
 612,  876,  877,  920,  919
 613,  877,  878,  921,  920
 614,  878,  879,  922,  921
 615,  879,  880,  923,  922
 616,  880,   62,   63,  923
 617,  133,  881,  924,  132
 618,  881,  882,  925,  924
 619,  882,  883,  926,  925
 620,  883,  884,  927,  926
 621,  884,  885,  928,  927
 622,  885,  886,  929,  928
 623,  886,  887,  930,  929
 624,  887,  888,  931,  930
 625,  888,  889,  932,  931
 626,  889,  890,  933,  932
 627,  890,  891,  934,  933
 628,  891,  892,  935,  934
 629,  892,  893,  936,  935
 630,  893,  894,  937,  936
 631,  894,  895,  938,  937
 632,  895,  896,  939,  938
 633,  896,  897,  940,  939
 634,  897,  898,  941,  940
 635,  898,  899,  942,  941
 636,  899,  900,  943,  942
 637,  900,  901,  944,  943
 638,  901,  902,  945,  944
 639,  902,  903,  946,  945
 640,  903,  904,  947,  946
 641,  904,  905,  948,  947
 642,  905,  906,  949,  948
 643,  906,  907,  950,  949
 644,  907,  908,  951,  950
 645,  908,  909,  952,  951
 646,  909,  910,  953,  952
 647,  910,  911,  954,  953
 648,  911,  912,  955,  954
 649,  912,  913,  956,  955
 650,  913,  914,  957,  956
 651,  914,  915,  958,  957
 652,  915,  916,  959,  958
 653,  916,  917,  960,  959
 654,  917,  918,  961,  960
 655,  918,  919,  962,  961
 656,  919,  920,  963,  962
 657,  920,  921,  964,  963
 658,  921,  922,  965,  964
 659,  922,  923,  966,  965
 660,  923,   63,   64,  966
 661,  132,  924,  967,  131
 662,  924,  925,  968,  967
 663,  925,  926,  969,  968
 664,  926,  927,  970,  969
 665,  927,  928,  971,  970
 666,  928,  929,  972,  971
 667,  929,  930,  973,  972
 668,  930,  931,  974,  973
 669,  931,  932,  975,  974
 670,  932,  933,  976,  975
 671,  933,  934,  977,  976
 672,  934,  935,  978,  977
 673,  935,  936,  979,  978
 674,  936,  937,  980,  979
 675,  937,  938,  981,  980
 676,  938,  939,  982,  981
 677,  939,  940,  983,  982
 678,  940,  941,  984,  983
 679,  941,  942,  985,  984
 680,  942,  943,  986,  985
 681,  943,  944,  987,  986
 682,  944,  945,  988,  987
 683,  945,  946,  989,  988
 684,  946,  947,  990,  989
 685,  947,  948,  991,  990
 686,  948,  949,  992,  991
 687,  949,  950,  993,  992
 688,  950,  951,  994,  993
 689,  951,  952,  995,  994
 690,  952,  953,  996,  995
 691,  953,  954,  997,  996
 692,  954,  955,  998,  997
 693,  955,  956,  999,  998
 694,  956,  957, 1000,  999
 695,  957,  958, 1001, 1000
 696,  958,  959, 1002, 1001
 697,  959,  960, 1003, 1002
 698,  960,  961, 1004, 1003
 699,  961,  962, 1005, 1004
 700,  962,  963, 1006, 1005
 701,  963,  964, 1007, 1006
 702,  964,  965, 1008, 1007
 703,  965,  966, 1009, 1008
 704,  966,   64,   65, 1009
 705,  131,  967, 1010,  130
 706,  967,  968, 1011, 1010
 707,  968,  969, 1012, 1011
 708,  969,  970, 1013, 1012
 709,  970,  971, 1014, 1013
 710,  971,  972, 1015, 1014
 711,  972,  973, 1016, 1015
 712,  973,  974, 1017, 1016
 713,  974,  975, 1018, 1017
 714,  975,  976, 1019, 1018
 715,  976,  977, 1020, 1019
 716,  977,  978, 1021, 1020
 717,  978,  979, 1022, 1021
 718,  979,  980, 1023, 1022
 719,  980,  981, 1024, 1023
 720,  981,  982, 1025, 1024
 721,  982,  983, 1026, 1025
 722,  983,  984, 1027, 1026
 723,  984,  985, 1028, 1027
 724,  985,  986, 1029, 1028
 725,  986,  987, 1030, 1029
 726,  987,  988, 1031, 1030
 727,  988,  989, 1032, 1031
 728,  989,  990, 1033, 1032
 729,  990,  991, 1034, 1033
 730,  991,  992, 1035, 1034
 731,  992,  993, 1036, 1035
 732,  993,  994, 1037, 1036
 733,  994,  995, 1038, 1037
 734,  995,  996, 1039, 1038
 735,  996,  997, 1040, 1039
 736,  997,  998, 1041, 1040
 737,  998,  999, 1042, 1041
 738,  999, 1000, 1043, 1042
 739, 1000, 1001, 1044, 1043
 740, 1001, 1002, 1045, 1044
 741, 1002, 1003, 1046, 1045
 742, 1003, 1004, 1047, 1046
 743, 1004, 1005, 1048, 1047
 744, 1005, 1006, 1049, 1048
 745, 1006, 1007, 1050, 1049
 746, 1007, 1008, 1051, 1050
 747, 1008, 1009, 1052, 1051
 748, 1009,   65,   66, 1052
 749,  130, 1010, 1053,  129
 750, 1010, 1011, 1054, 1053
 751, 1011, 1012, 1055, 1054
 752, 1012, 1013, 1056, 1055
 753, 1013, 1014, 1057, 1056
 754, 1014, 1015, 1058, 1057
 755, 1015, 1016, 1059, 1058
 756, 1016, 1017, 1060, 1059
 757, 1017, 1018, 1061, 1060
 758, 1018, 1019, 1062, 1061
 759, 1019, 1020, 1063, 1062
 760, 1020, 1021, 1064, 1063
 761, 1021, 1022, 1065, 1064
 762, 1022, 1023, 1066, 1065
 763, 1023, 1024, 1067, 1066
 764, 1024, 1025, 1068, 1067
 765, 1025, 1026, 1069, 1068
 766, 1026, 1027, 1070, 1069
 767, 1027, 1028, 1071, 1070
 768, 1028, 1029, 1072, 1071
 769, 1029, 1030, 1073, 1072
 770, 1030, 1031, 1074, 1073
 771, 1031, 1032, 1075, 1074
 772, 1032, 1033, 1076, 1075
 773, 1033, 1034, 1077, 1076
 774, 1034, 1035, 1078, 1077
 775, 1035, 1036, 1079, 1078
 776, 1036, 1037, 1080, 1079
 777, 1037, 1038, 1081, 1080
 778, 1038, 1039, 1082, 1081
 779, 1039, 1040, 1083, 1082
 780, 1040, 1041, 1084, 1083
 781, 1041, 1042, 1085, 1084
 782, 1042, 1043, 1086, 1085
 783, 1043, 1044, 1087, 1086
 784, 1044, 1045, 1088, 1087
 785, 1045, 1046, 1089, 1088
 786, 1046, 1047, 1090, 1089
 787, 1047, 1048, 1091, 1090
 788, 1048, 1049, 1092, 1091
 789, 1049, 1050, 1093, 1092
 790, 1050, 1051, 1094, 1093
 791, 1051, 1052, 1095, 1094
 792, 1052,   66,   67, 1095
 793,  129, 1053, 1096,  128
 794, 1053, 1054, 1097, 1096
 795, 1054, 1055, 1098, 1097
 796, 1055, 1056, 1099, 1098
 797, 1056, 1057, 1100, 1099
 798, 1057, 1058, 1101, 1100
 799, 1058, 1059, 1102, 1101
 800, 1059, 1060, 1103, 1102
 801, 1060, 1061, 1104, 1103
 802, 1061, 1062, 1105, 1104
 803, 1062, 1063, 1106, 1105
 804, 1063, 1064, 1107, 1106
 805, 1064, 1065, 1108, 1107
 806, 1065, 1066, 1109, 1108
 807, 1066, 1067, 1110, 1109
 808, 1067, 1068, 1111, 1110
 809, 1068, 1069, 1112, 1111
 810, 1069, 1070, 1113, 1112
 811, 1070, 1071, 1114, 1113
 812, 1071, 1072, 1115, 1114
 813, 1072, 1073, 1116, 1115
 814, 1073, 1074, 1117, 1116
 815, 1074, 1075, 1118, 1117
 816, 1075, 1076, 1119, 1118
 817, 1076, 1077, 1120, 1119
 818, 1077, 1078, 1121, 1120
 819, 1078, 1079, 1122, 1121
 820, 1079, 1080, 1123, 1122
 821, 1080, 1081, 1124, 1123
 822, 1081, 1082, 1125, 1124
 823, 1082, 1083, 1126, 1125
 824, 1083, 1084, 1127, 1126
 825, 1084, 1085, 1128, 1127
 826, 1085, 1086, 1129, 1128
 827, 1086, 1087, 1130, 1129
 828, 1087, 1088, 1131, 1130
 829, 1088, 1089, 1132, 1131
 830, 1089, 1090, 1133, 1132
 831, 1090, 1091, 1134, 1133
 832, 1091, 1092, 1135, 1134
 833, 1092, 1093, 1136, 1135
 834, 1093, 1094, 1137, 1136
 835, 1094, 1095, 1138, 1137
 836, 1095,   67,   68, 1138
 837,  128, 1096, 1139,  127
 838, 1096, 1097, 1140, 1139
 839, 1097, 1098, 1141, 1140
 840, 1098, 1099, 1142, 1141
 841, 1099, 1100, 1143, 1142
 842, 1100, 1101, 1144, 1143
 843, 1101, 1102, 1145, 1144
 844, 1102, 1103, 1146, 1145
 845, 1103, 1104, 1147, 1146
 846, 1104, 1105, 1148, 1147
 847, 1105, 1106, 1149, 1148
 848, 1106, 1107, 1150, 1149
 849, 1107, 1108, 1151, 1150
 850, 1108, 1109, 1152, 1151
 851, 1109, 1110, 1153, 1152
 852, 1110, 1111, 1154, 1153
 853, 1111, 1112, 1155, 1154
 854, 1112, 1113, 1156, 1155
 855, 1113, 1114, 1157, 1156
 856, 1114, 1115, 1158, 1157
 857, 1115, 1116, 1159, 1158
 858, 1116, 1117, 1160, 1159
 859, 1117, 1118, 1161, 1160
 860, 1118, 1119, 1162, 1161
 861, 1119, 1120, 1163, 1162
 862, 1120, 1121, 1164, 1163
 863, 1121, 1122, 1165, 1164
 864, 1122, 1123, 1166, 1165
 865, 1123, 1124, 1167, 1166
 866, 1124, 1125, 1168, 1167
 867, 1125, 1126, 1169, 1168
 868, 1126, 1127, 1170, 1169
 869, 1127, 1128, 1171, 1170
 870, 1128, 1129, 1172, 1171
 871, 1129, 1130, 1173, 1172
 872, 1130, 1131, 1174, 1173
 873, 1131, 1132, 1175, 1174
 874, 1132, 1133, 1176, 1175
 875, 1133, 1134, 1177, 1176
 876, 1134, 1135, 1178, 1177
 877, 1135, 1136, 1179, 1178
 878, 1136, 1137, 1180, 1179
 879, 1137, 1138, 1181, 1180
 880, 1138,   68,   69, 1181
 881,  127, 1139, 1182,  126
 882, 1139, 1140, 1183, 1182
 883, 1140, 1141, 1184, 1183
 884, 1141, 1142, 1185, 1184
 885, 1142, 1143, 1186, 1185
 886, 1143, 1144, 1187, 1186
 887, 1144, 1145, 1188, 1187
 888, 1145, 1146, 1189, 1188
 889, 1146, 1147, 1190, 1189
 890, 1147, 1148, 1191, 1190
 891, 1148, 1149, 1192, 1191
 892, 1149, 1150, 1193, 1192
 893, 1150, 1151, 1194, 1193
 894, 1151, 1152, 1195, 1194
 895, 1152, 1153, 1196, 1195
 896, 1153, 1154, 1197, 1196
 897, 1154, 1155, 1198, 1197
 898, 1155, 1156, 1199, 1198
 899, 1156, 1157, 1200, 1199
 900, 1157, 1158, 1201, 1200
 901, 1158, 1159, 1202, 1201
 902, 1159, 1160, 1203, 1202
 903, 1160, 1161, 1204, 1203
 904, 1161, 1162, 1205, 1204
 905, 1162, 1163, 1206, 1205
 906, 1163, 1164, 1207, 1206
 907, 1164, 1165, 1208, 1207
 908, 1165, 1166, 1209, 1208
 909, 1166, 1167, 1210, 1209
 910, 1167, 1168, 1211, 1210
 911, 1168, 1169, 1212, 1211
 912, 1169, 1170, 1213, 1212
 913, 1170, 1171, 1214, 1213
 914, 1171, 1172, 1215, 1214
 915, 1172, 1173, 1216, 1215
 916, 1173, 1174, 1217, 1216
 917, 1174, 1175, 1218, 1217
 918, 1175, 1176, 1219, 1218
 919, 1176, 1177, 1220, 1219
 920, 1177, 1178, 1221, 1220
 921, 1178, 1179, 1222, 1221
 922, 1179, 1180, 1223, 1222
 923, 1180, 1181, 1224, 1223
 924, 1181,   69,   70, 1224
 925,  126, 1182, 1225,  125
 926, 1182, 1183, 1226, 1225
 927, 1183, 1184, 1227, 1226
 928, 1184, 1185, 1228, 1227
 929, 1185, 1186, 1229, 1228
 930, 1186, 1187, 1230, 1229
 931, 1187, 1188, 1231, 1230
 932, 1188, 1189, 1232, 1231
 933, 1189, 1190, 1233, 1232
 934, 1190, 1191, 1234, 1233
 935, 1191, 1192, 1235, 1234
 936, 1192, 1193, 1236, 1235
 937, 1193, 1194, 1237, 1236
 938, 1194, 1195, 1238, 1237
 939, 1195, 1196, 1239, 1238
 940, 1196, 1197, 1240, 1239
 941, 1197, 1198, 1241, 1240
 942, 1198, 1199, 1242, 1241
 943, 1199, 1200, 1243, 1242
 944, 1200, 1201, 1244, 1243
 945, 1201, 1202, 1245, 1244
 946, 1202, 1203, 1246, 1245
 947, 1203, 1204, 1247, 1246
 948, 1204, 1205, 1248, 1247
 949, 1205, 1206, 1249, 1248
 950, 1206, 1207, 1250, 1249
 951, 1207, 1208, 1251, 1250
 952, 1208, 1209, 1252, 1251
 953, 1209, 1210, 1253, 1252
 954, 1210, 1211, 1254, 1253
 955, 1211, 1212, 1255, 1254
 956, 1212, 1213, 1256, 1255
 957, 1213, 1214, 1257, 1256
 958, 1214, 1215, 1258, 1257
 959, 1215, 1216, 1259, 1258
 960, 1216, 1217, 1260, 1259
 961, 1217, 1218, 1261, 1260
 962, 1218, 1219, 1262, 1261
 963, 1219, 1220, 1263, 1262
 964, 1220, 1221, 1264, 1263
 965, 1221, 1222, 1265, 1264
 966, 1222, 1223, 1266, 1265
 967, 1223, 1224, 1267, 1266
 968, 1224,   70,   71, 1267
 969,  125, 1225, 1268,  124
 970, 1225, 1226, 1269, 1268
 971, 1226, 1227, 1270, 1269
 972, 1227, 1228, 1271, 1270
 973, 1228, 1229, 1272, 1271
 974, 1229, 1230, 1273, 1272
 975, 1230, 1231, 1274, 1273
 976, 1231, 1232, 1275, 1274
 977, 1232, 1233, 1276, 1275
 978, 1233, 1234, 1277, 1276
 979, 1234, 1235, 1278, 1277
 980, 1235, 1236, 1279, 1278
 981, 1236, 1237, 1280, 1279
 982, 1237, 1238, 1281, 1280
 983, 1238, 1239, 1282, 1281
 984, 1239, 1240, 1283, 1282
 985, 1240, 1241, 1284, 1283
 986, 1241, 1242, 1285, 1284
 987, 1242, 1243, 1286, 1285
 988, 1243, 1244, 1287, 1286
 989, 1244, 1245, 1288, 1287
 990, 1245, 1246, 1289, 1288
 991, 1246, 1247, 1290, 1289
 992, 1247, 1248, 1291, 1290
 993, 1248, 1249, 1292, 1291
 994, 1249, 1250, 1293, 1292
 995, 1250, 1251, 1294, 1293
 996, 1251, 1252, 1295, 1294
 997, 1252, 1253, 1296, 1295
 998, 1253, 1254, 1297, 1296
 999, 1254, 1255, 1298, 1297
1000, 1255, 1256, 1299, 1298
1001, 1256, 1257, 1300, 1299
1002, 1257, 1258, 1301, 1300
1003, 1258, 1259, 1302, 1301
1004, 1259, 1260, 1303, 1302
1005, 1260, 1261, 1304, 1303
1006, 1261, 1262, 1305, 1304
1007, 1262, 1263, 1306, 1305
1008, 1263, 1264, 1307, 1306
1009, 1264, 1265, 1308, 1307
1010, 1265, 1266, 1309, 1308
1011, 1266, 1267, 1310, 1309
1012, 1267,   71,   72, 1310
1013,  124, 1268, 1311,  123
1014, 1268, 1269, 1312, 1311
1015, 1269, 1270, 1313, 1312
1016, 1270, 1271, 1314, 1313
1017, 1271, 1272, 1315, 1314
1018, 1272, 1273, 1316, 1315
1019, 1273, 1274, 1317, 1316
1020, 1274, 1275, 1318, 1317
1021, 1275, 1276, 1319, 1318
1022, 1276, 1277, 1320, 1319
1023, 1277, 1278, 1321, 1320
1024, 1278, 1279, 1322, 1321
1025, 1279, 1280, 1323, 1322
1026, 1280, 1281, 1324, 1323
1027, 1281, 1282, 1325, 1324
1028, 1282, 1283, 1326, 1325
1029, 1283, 1284, 1327, 1326
1030, 1284, 1285, 1328, 1327
1031, 1285, 1286, 1329, 1328
1032, 1286, 1287, 1330, 1329
1033, 1287, 1288, 1331, 1330
1034, 1288, 1289, 1332, 1331
1035, 1289, 1290, 1333, 1332
1036, 1290, 1291, 1334, 1333
1037, 1291, 1292, 1335, 1334
1038, 1292, 1293, 1336, 1335
1039, 1293, 1294, 1337, 1336
1040, 1294, 1295, 1338, 1337
1041, 1295, 1296, 1339, 1338
1042, 1296, 1297, 1340, 1339
1043, 1297, 1298, 1341, 1340
1044, 1298, 1299, 1342, 1341
1045, 1299, 1300, 1343, 1342
1046, 1300, 1301, 1344, 1343
1047, 1301, 1302, 1345, 1344
1048, 1302, 1303, 1346, 1345
1049, 1303, 1304, 1347, 1346
1050, 1304, 1305, 1348, 1347
1051, 1305, 1306, 1349, 1348
1052, 1306, 1307, 1350, 1349
1053, 1307, 1308, 1351, 1350
1054, 1308, 1309, 1352, 1351
1055, 1309, 1310, 1353, 1352
1056, 1310,   72,   73, 1353
1057,  123, 1311, 1354,  122
1058, 1311, 1312, 1355, 1354
1059, 1312, 1313, 1356, 1355
1060, 1313, 1314, 1357, 1356
1061, 1314, 1315, 1358, 1357
1062, 1315, 1316, 1359, 1358
1063, 1316, 1317, 1360, 1359
1064, 1317, 1318, 1361, 1360
1065, 1318, 1319, 1362, 1361
1066, 1319, 1320, 1363, 1362
1067, 1320, 1321, 1364, 1363
1068, 1321, 1322, 1365, 1364
1069, 1322, 1323, 1366, 1365
1070, 1323, 1324, 1367, 1366
1071, 1324, 1325, 1368, 1367
1072, 1325, 1326, 1369, 1368
1073, 1326, 1327, 1370, 1369
1074, 1327, 1328, 1371, 1370
1075, 1328, 1329, 1372, 1371
1076, 1329, 1330, 1373, 1372
1077, 1330, 1331, 1374, 1373
1078, 1331, 1332, 1375, 1374
1079, 1332, 1333, 1376, 1375
1080, 1333, 1334, 1377, 1376
1081, 1334, 1335, 1378, 1377
1082, 1335, 1336, 1379, 1378
1083, 1336, 1337, 1380, 1379
1084, 1337, 1338, 1381, 1380
1085, 1338, 1339, 1382, 1381
1086, 1339, 1340, 1383, 1382
1087, 1340, 1341, 1384, 1383
1088, 1341, 1342, 1385, 1384
1089, 1342, 1343, 1386, 1385
1090, 1343, 1344, 1387, 1386
1091, 1344, 1345, 1388, 1387
1092, 1345, 1346, 1389, 1388
1093, 1346, 1347, 1390, 1389
1094, 1347, 1348, 1391, 1390
1095, 1348, 1349, 1392, 1391
1096, 1349, 1350, 1393, 1392
1097, 1350, 1351, 1394, 1393
1098, 1351, 1352, 1395, 1394
1099, 1352, 1353, 1396, 1395
1100, 1353,   73,   74, 1396
1101,  122, 1354, 1397,  121
1102, 1354, 1355, 1398, 1397
1103, 1355, 1356, 1399, 1398
1104, 1356, 1357, 1400, 1399
1105, 1357, 1358, 1401, 1400
1106, 1358, 1359, 1402, 1401
1107, 1359, 1360, 1403, 1402
1108, 1360, 1361, 1404, 1403
1109, 1361, 1362, 1405, 1404
1110, 1362, 1363, 1406, 1405
1111, 1363, 1364, 1407, 1406
1112, 1364, 1365, 1408, 1407
1113, 1365, 1366, 1409, 1408
1114, 1366, 1367, 1410, 1409
1115, 1367, 1368, 1411, 1410
1116, 1368, 1369, 1412, 1411
1117, 1369, 1370, 1413, 1412
1118, 1370, 1371, 1414, 1413
1119, 1371, 1372, 1415, 1414
1120, 1372, 1373, 1416, 1415
1121, 1373, 1374, 1417, 1416
1122, 1374, 1375, 1418, 1417
1123, 1375, 1376, 1419, 1418
1124, 1376, 1377, 1420, 1419
1125, 1377, 1378, 1421, 1420
1126, 1378, 1379, 1422, 1421
1127, 1379, 1380, 1423, 1422
1128, 1380, 1381, 1424, 1423
1129, 1381, 1382, 1425, 1424
1130, 1382, 1383, 1426, 1425
1131, 1383, 1384, 1427, 1426
1132, 1384, 1385, 1428, 1427
1133, 1385, 1386, 1429, 1428
1134, 1386, 1387, 1430, 1429
1135, 1387, 1388, 1431, 1430
1136, 1388, 1389, 1432, 1431
1137, 1389, 1390, 1433, 1432
1138, 1390, 1391, 1434, 1433
1139, 1391, 1392, 1435, 1434
1140, 1392, 1393, 1436, 1435
1141, 1393, 1394, 1437, 1436
1142, 1394, 1395, 1438, 1437
1143, 1395, 1396, 1439, 1438
1144, 1396,   74,   75, 1439
1145,  121, 1397, 1440,  120
1146, 1397, 1398, 1441, 1440
1147, 1398, 1399, 1442, 1441
1148, 1399, 1400, 1443, 1442
1149, 1400, 1401, 1444, 1443
1150, 1401, 1402, 1445, 1444
1151, 1402, 1403, 1446, 1445
1152, 1403, 1404, 1447, 1446
1153, 1404, 1405, 1448, 1447
1154, 1405, 1406, 1449, 1448
1155, 1406, 1407, 1450, 1449
1156, 1407, 1408, 1451, 1450
1157, 1408, 1409, 1452, 1451
1158, 1409, 1410, 1453, 1452
1159, 1410, 1411, 1454, 1453
1160, 1411, 1412, 1455, 1454
1161, 1412, 1413, 1456, 1455
1162, 1413, 1414, 1457, 1456
1163, 1414, 1415, 1458, 1457
1164, 1415, 1416, 1459, 1458
1165, 1416, 1417, 1460, 1459
1166, 1417, 1418, 1461, 1460
1167, 1418, 1419, 1462, 1461
1168, 1419, 1420, 1463, 1462
1169, 1420, 1421, 1464, 1463
1170, 1421, 1422, 1465, 1464
1171, 1422, 1423, 1466, 1465
1172, 1423, 1424, 1467, 1466
1173, 1424, 1425, 1468, 1467
1174, 1425, 1426, 1469, 1468
1175, 1426, 1427, 1470, 1469
1176, 1427, 1428, 1471, 1470
1177, 1428, 1429, 1472, 1471
1178, 1429, 1430, 1473, 1472
1179, 1430, 1431, 1474, 1473
1180, 1431, 1432, 1475, 1474
1181, 1432, 1433, 1476, 1475
1182, 1433, 1434, 1477, 1476
1183, 1434, 1435, 1478, 1477
1184, 1435, 1436, 1479, 1478
1185, 1436, 1437, 1480, 1479
1186, 1437, 1438, 1481, 1480
1187, 1438, 1439, 1482, 1481
1188, 1439,   75,   76, 1482
1189,  120, 1440,  119,    5
1190, 1440, 1441,  118,  119
1191, 1441, 1442,  117,  118
1192, 1442, 1443,  116,  117
1193, 1443, 1444,  115,  116
1194, 1444, 1445,  114,  115
1195, 1445, 1446,  113,  114
1196, 1446, 1447,  112,  113
1197, 1447, 1448,  111,  112
1198, 1448, 1449,  110,  111
1199, 1449, 1450,  109,  110
1200, 1450, 1451,  108,  109
1201, 1451, 1452,  107,  108
1202, 1452, 1453,  106,  107
1203, 1453, 1454,  105,  106
1204, 1454, 1455,  104,  105
1205, 1455, 1456,  103,  104
1206, 1456, 1457,  102,  103
1207, 1457, 1458,  101,  102
1208, 1458, 1459,  100,  101
1209, 1459, 1460,   99,  100
1210, 1460, 1461,   98,   99
1211, 1461, 1462,   97,   98
1212, 1462, 1463,   96,   97
1213, 1463, 1464,   95,   96
1214, 1464, 1465,   94,   95
1215, 1465, 1466,   93,   94
1216, 1466, 1467,   92,   93
1217, 1467, 1468,   91,   92
1218, 1468, 1469,   90,   91
1219, 1469, 1470,   89,   90
1220, 1470, 1471,   88,   89
1221, 1471, 1472,   87,   88
1222, 1472, 1473,   86,   87
1223, 1473, 1474,   85,   86
1224, 1474, 1475,   84,   85
1225, 1475, 1476,   83,   84
1226, 1476, 1477,   82,   83
1227, 1477, 1478,   81,   82
1228, 1478, 1479,   80,   81
1229, 1479, 1480,   79,   80
1230, 1480, 1481,   78,   79
1231, 1481, 1482,   77,   78
1232, 1482,   76,    4,   77
1233,  321,    2,   28, 2170
1234,   28,   27, 2171, 2170
1235, 2172,   26,   25, 2173
1236, 1631,  318,  319, 2172
1237, 1483, 1628, 1632, 2175
1238,   20, 1782, 1775,   21
1239, 1488, 2131, 2231, 2058
1240, 2203, 1499, 2093, 1498
1241, 2147, 1510, 2145, 2154
1242, 2256, 1527, 2128, 2261
1243, 1924, 1894, 1587, 1975
1244, 1736, 1764, 1889, 1587
1245, 1734,  161,  162, 1762
1246, 1762,  162,  163, 1735
1247, 1735,  163,  164, 1761
1248, 1761,  164,  165, 1742
1249, 1897, 1590, 1980, 1926
1250, 2258, 2052, 2075, 2037
1251, 1844, 2001, 1515, 1945
1252,  299,  300, 1643, 1641
1253, 1640, 1504, 1797, 1643
1254, 1638, 1639,  302,  303
1255, 1827, 1639, 1638, 1855
1256, 2230, 1514, 1951, 1856
1257, 2134, 2122, 2143, 2155
1258, 2081, 2039, 2011, 2062
1259, 1922, 2050, 2177, 1891
1260, 1922, 1891, 1589, 1977
1261, 1589, 1897, 1926, 1977
1262, 2102, 1885, 2152, 1487
1263, 2162, 2159, 2163, 1497
1264, 2133, 2125, 2086, 2120
1265, 2241, 2123, 2042, 2084
1266, 2064, 2033, 1526, 2249
1267, 1928, 1900, 1586, 1978
1268, 1894, 1765, 1736, 1587
1269, 1764,  159,  160, 1763
1270,   18, 1776, 1772,   19
1271, 1783, 1784, 2125, 1497
1272, 1507, 1825, 1854, 2176
1273, 2112, 2084, 1581, 1994
1274, 1934, 1907, 1585, 1981
1275, 1900, 1766, 1737, 1586
1276,  157, 1765, 1737,  156
1277,   14, 1773, 1777,   15
1278, 1884, 1581, 2028, 1854
1279, 1940, 1914, 1584, 1985
1280, 1741, 1767, 1907, 1584
1281,  155, 1766, 1738,  154
1282,   10, 1778, 1774,   11
1283,  147, 1770,    8,    1
1284, 1739, 1582, 1786, 1770
1285, 2020, 1769, 1740, 1583
1286, 1914, 1768, 1741, 1584
1287, 1740, 1768, 1914, 1583
1288, 1583, 1914, 1940, 1989
1289, 1523, 2083, 2040, 2023
1290, 2023, 2040, 1989, 1524
1291, 1769, 2020, 1582, 1739
1292,  165,  166, 1760, 1742
1293, 1760,  166,  167, 1743
1294, 1931, 1904, 1591, 1983
1295, 2056, 1573, 2108, 2067
1296, 2025, 2006, 1964, 1515
1297, 1844, 1945, 1505, 1797
1298, 1807, 1882, 1850, 1642
1299,  297,  298, 1788, 1506
1300, 1641, 1505, 1795, 1788
1301, 1743,  167,  168, 1759
1302, 1759,  168,  169, 1744
1303, 1938, 1910, 1592, 1988
1304, 1517, 1956, 1912, 1830
1305, 1807, 1642,  295,  296
1306, 1744,  169,  170, 1758
1307, 1758,  170,  171, 1745
1308, 1988, 1991, 2118, 1532
1309, 2071, 2031, 2060, 2073
1310,  293,  294, 1658, 1644
1311, 1745,  171,  172, 1757
1312, 1745, 1757, 2166, 1593
1313, 2090, 1533, 2021, 2053
1314, 2076, 2239, 2099, 2157
1315, 1863, 1518, 1864, 2072
1316,  291,  292, 1656, 1645
1317, 1746,  173,  174, 1756
1318, 1594, 2137, 2116, 2202
1319, 2130, 2114, 2235, 1534
1320, 1570, 2085, 2045, 2070
1321, 2000, 1968, 1520, 2024
1322, 1949, 1666,  288,  289
1323, 1645, 1660,  290,  291
1324, 1519, 1660, 1645, 2183
1325, 1747,  175,  176, 1755
1326, 1596, 2055, 1755, 1748
1327, 2088, 2018, 2046, 2227
1328, 1568, 2205, 1955, 2233
1329, 1903, 2228, 2204, 1968
1330,  286,  287, 1521, 1674
1331,  287,  288, 1666, 1521
1332, 1748,  177,  178, 1754
1333, 1748, 1754, 1916, 1596
1334, 1942, 1916, 1597, 1986
1335, 1862, 1960, 2136, 1567
1336, 1862, 1845, 1805, 1568
1337,  284,  285, 1522, 1670
1338,  285,  286, 1674, 1522
1339, 1749,  179,  180, 1753
1340, 1749, 1753, 1909, 1597
1341, 1935, 1909, 1598, 1982
1342, 1537, 2237, 2065, 2136
1343, 1663, 1646,  282,  283
1344, 1799, 1798, 1567, 2106
1345, 1750,  181,  182, 1752
1346, 1750, 1752, 1902, 1598
1347, 1929, 2078, 2015, 1982
1348, 2104, 2005, 1565, 1815
1349, 1646, 1682,  281,  282
1350,  184, 1711, 1751,  183
1351, 1690, 1600, 1821, 1711
1352, 1821, 1600, 2201, 1839
1353, 2059, 2017, 1565, 2005
1354, 1649, 1689,  278,  279
1355,  279,  280, 1653, 1649
1356, 1690,  185,  186, 1710
1357, 1690, 1710, 1890, 1600
1358, 1921, 2051, 2234, 2047
1359, 1888, 1957, 1873, 1563
1360,  276,  277, 1659, 1647
1361,  277,  278, 1689, 1659
1362, 1691,  187,  188, 1709
1363, 1709, 1601, 2180, 1691
1364, 1835, 1819, 1602, 1872
1365, 1837, 1814, 1563, 1873
1366,  274,  275, 1683, 1853
1367, 1647, 1563, 1814, 1683
1368, 1692,  190,  191, 1707
1369, 1707,  191,  192, 1693
1370, 1872, 1925, 1999, 1541
1371, 1861, 1937, 1859, 1561
1372,  272,  273, 1861, 1561
1373, 1853, 1861,  273,  274
1374, 1693,  192,  193, 1706
1375, 1706,  193,  194, 1694
1376, 1901, 1604, 1971, 1930
1377, 1822, 1560, 1789, 1851
1378, 1560, 1787,  269,  270
1379,  270,  271, 1789, 1560
1380, 1694,  194,  195, 1705
1381, 1705,  195,  196, 1695
1382, 1826, 1559, 1787, 1829
1383, 1559, 1629,  267,  268
1384,  268,  269, 1787, 1559
1385, 1695,  196,  197, 1704
1386, 1704,  197,  198, 1696
1387, 1943, 1915, 1606, 2063
1388, 1559, 1826, 1860, 1629
1389, 1558, 1626,  265,  266
1390,  266,  267, 1629, 1558
1391, 1696,  198,  199, 1703
1392, 1696, 1703, 2158, 1606
1393, 1626, 1661,  264,  265
1394, 1626, 1800, 1804, 1661
1395, 1697,  200,  201, 1702
1396, 1697, 1702, 2160, 1607
1397, 1680, 1687,  262,  263
1398, 1661, 1680,  263,  264
1399, 1698,  202,  203, 1701
1400, 2142, 2195, 2149, 1609
1401, 2030, 2195, 2142, 1548
1402,  260,  261, 1664, 1648
1403, 1699,  204,  205, 1700
1404, 1699, 1700, 1970, 1609
1405, 1662, 1679,  258,  259
1406, 1648, 1662,  259,  260
1407,  206, 1713, 1700,  205
1408, 1713, 1733, 1911, 1610
1409, 1654, 1651,  254,  255
1410, 2016, 1973, 2215, 1550
1411, 1679, 1688,  257,  258
1412, 1714,  208,  209, 1732
1413, 1714, 1732, 1905, 1611
1414, 1932, 1876, 1947, 2214
1415, 1651, 1671,  253,  254
1416, 1715,  210,  211, 1731
1417, 1715, 1731, 1898, 1612
1418, 1552, 2209, 1869, 2182
1419, 1681, 1684,  251,  252
1420, 1671, 1551, 1809, 1681
1421, 1716,  212,  213, 1730
1422, 1716, 1730, 1892, 2179
1423, 1823, 1836, 2161, 1553
1424,  249,  250, 1672, 1657
1425, 1823, 1657, 1672, 2182
1426, 1717,  214,  215, 1729
1427, 1729, 1614, 2178, 1717
1428, 1944, 2164, 2191, 1554
1429, 1650, 1665,  247,  248
1430, 1657, 1650,  248,  249
1431,  217,  218, 1727, 1718
1432, 1727,  218,  219, 1719
1433, 1871, 1923, 1996, 2207
1434, 1676, 1686,  245,  246
1435, 1676, 1665, 1554, 1996
1436, 1719,  219,  220, 1726
1437, 1726,  220,  221, 1720
1438, 1959, 1927, 1917, 1555
1439,  243,  244, 1677, 1667
1440, 2208, 1667, 1677, 1917
1441, 1720,  221,  222, 1725
1442, 1725,  222,  223, 1721
1443, 1958, 1887, 2181, 2208
1444, 1652, 1655,  241,  242
1445, 1721,  223,  224, 1724
1446, 1724,  224,  225, 1722
1447, 1556, 1933, 1984, 1808
1448, 1669, 1678,  239,  240
1449, 1722,  225,  226, 1723
1450, 1620, 1619, 1722, 1723
1451, 1840, 1870, 1557, 1868
1452,  236,  237, 1675, 1668
1453, 1685, 1675,  237,  238
1454,  228, 1625, 1712,  227
1455, 1625,  229,  230, 1624
1456,  233, 1621, 1623,  232
1457,  235,  236, 1668, 2174
1458, 1627, 1847, 1802, 1493
1459, 1492, 1627,  305,  306
1460, 1636, 1637,  307,  308
1461, 1491, 1637, 1636, 1824
1462, 1866, 2189, 1941, 1491
1463, 2002, 2061, 1997, 2192
1464, 2092, 1577, 2263, 1512
1465, 2012, 1528, 2100, 2264
1466, 2268, 2267, 2266, 2043
1467, 2043, 2266, 2009, 1529
1468, 2009, 1920, 2049, 1529
1469, 1975, 1920, 2009, 1528
1470, 1806, 1635,  309,  310
1471, 1634, 2156,  311,  312
1472, 1486, 1630,  314,  315
1473, 1632, 1628,  316,  317
1474,  313,  314, 1630, 1633
1475,  315,  316, 1628, 1486
1476,   23, 1779, 1771,   24
1477, 1628, 1483, 1803, 1486
1478, 1777, 1773, 1825, 1507
1479,   13, 1780, 1773,   14
1480, 1523, 2023, 1952, 1995
1481, 1833, 1885, 2187, 1495
1482, 2119, 2145, 2113, 1500
1483, 2144, 2151, 2129, 1511
1484, 1511, 2026, 2087, 2144
1485, 2026, 1511, 2002, 2190
1486, 1866, 2188, 1501, 2189
1487, 1490, 1831, 1886, 2223
1488, 1630, 1828, 1801, 1633
1489, 1494, 1848, 1843, 1796
1490, 1843, 1848, 1919, 1489
1491, 1635, 1636,  308,  309
1492, 2029, 2057, 2223, 1886
1493, 1875, 1492, 1941, 1967
1494, 1802, 1847, 1867, 1503
1495, 1627, 1492, 1875, 1847
1496, 2156, 1796, 1831, 1806
1497,  303,  304, 1493, 1638
1498, 2102, 2082, 2187, 1885
1499, 2131, 1488, 2159, 2162
1500, 2029, 1489, 2093, 1499
1501, 2190, 2002, 2192, 1967
1502, 1867, 1502, 1963, 2044
1503, 1797, 1504, 1951, 1844
1504, 1507, 2176, 2086, 2125
1505, 2140, 1508, 2221, 2222
1506, 2057, 2119, 1500, 1987
1507, 2109, 2038, 2079, 2263
1508, 2124, 2038, 2150, 1513
1509, 1945, 1877, 1795, 1505
1510, 1882, 1516, 1881, 1850
1511, 2098, 1524, 2068, 1525
1512, 1525, 2033, 2064, 2115
1513, 2014, 2036, 2249, 1526
1514, 2039, 2081, 1575, 2117
1515, 2081, 2037, 2075, 1575
1516, 2067, 2034, 1531, 2056
1517, 2027, 1956, 1965, 1998
1518, 2060, 2031, 1572, 2091
1519, 2240, 2103, 2099, 2239
1520, 2004, 2045, 2085, 2121
1521, 2238, 2003, 2004, 2121
1522, 1862, 1568, 2233, 1960
1523, 2015, 2078, 2035, 2094
1524, 1538, 1948, 1972, 2236
1525, 1921, 2047, 2010, 2200
1526, 1859, 1937, 1966, 1542
1527, 1851, 1789, 1561, 1859
1528, 1829, 1787, 1560, 1822
1529, 1860, 1544, 2007, 1846
1530, 1800, 1545, 1883, 1804
1531, 1813, 1680, 1661, 1804
1532, 1811, 1648, 1664, 2048
1533, 1662, 1950, 1810, 1679
1534, 1682, 1653,  280,  281
1535, 1798, 1799, 1663, 1670
1536, 1805, 1674, 1521, 1849
1537, 1968, 2000, 1569, 1903
1538, 2031, 1864, 1912, 1572
1539, 1965, 1881, 1516, 1998
1540, 1573, 1998, 2006, 2108
1541, 1577, 2260, 2109, 2263
1542, 1578, 2248, 2129, 2151
1543, 2153, 2251, 2126, 2253
1544, 1581, 2084, 2042, 2028
1545, 1854, 1825, 1484, 1884
1546, 1907, 1934, 1985, 1584
1547, 1900, 1928, 1981, 1585
1548, 1586, 1894, 1924, 1978
1549, 1590, 1904, 1931, 1980
1550, 1591, 1910, 1938, 1983
1551, 1991, 1969, 1593, 2021
1552, 2053, 2021, 1593, 2166
1553, 2116, 2088, 2227, 2114
1554, 2046, 2018, 1990, 2226
1555, 1596, 1916, 1942, 1990
1556, 1597, 1909, 1935, 1986
1557, 1929, 1902, 1599, 1874
1558, 1821, 1839, 1874, 1599
1559, 1601, 1819, 1835, 2199
1560, 1602, 1896, 1925, 1872
1561, 1603, 1901, 1930, 1979
1562, 1605, 1915, 1943, 2198
1563, 1545, 2197, 2167, 1883
1564, 2169, 2196, 1547, 2141
1565, 2022, 1970, 1610, 1954
1566, 1911, 1939, 1954, 1610
1567, 1932, 1905, 1612, 1876
1568, 1809, 1551, 2211, 1841
1569, 1823, 2182, 1869, 1836
1570, 1820, 1834, 2186, 1614
1571, 1615, 1893, 1923, 1871
1572, 1616, 1899, 1927, 1959
1573, 1617, 1906, 1933, 1958
1574, 1857, 2206, 2185, 2184
1575, 1793, 1857, 2184, 1792
1576, 1484, 1995, 1952, 1884
1577,   26, 2172, 2171,   27
1578, 2173, 1771, 1631, 2172
1579, 1483, 1961, 1880, 1803
1580,   21, 1775, 1781,   22
1581,   19, 1772, 1782,   20
1582,   17, 1783, 1776,   18
1583,   15, 1777, 1784,   16
1584,   11, 1774, 1785,   12
1585,    8, 1770, 1786,    9
1586,  228,    6,  229, 1625
1587,  227, 1712, 1723,  226
1588, 1724, 1722, 1619, 1913
1589, 1725, 1721, 1618, 1906
1590, 1720, 1617, 1899, 1726
1591, 1719, 1616, 1893, 1727
1592,  217, 1718, 1728,  216
1593, 1615, 1820, 1728, 1718
1594, 1730, 1717, 2178, 1892
1595, 1731, 1716, 2179, 1898
1596, 1715, 1612, 1905, 1732
1597, 1714, 1611, 1911, 1733
1598, 1699, 1609, 2149, 1701
1599, 1698, 1608, 2160, 1702
1600, 1697, 1607, 2158, 1703
1601, 1696, 1606, 1915, 1704
1602, 1695, 1605, 1908, 1705
1603, 1694, 1604, 1901, 1706
1604, 1707, 1693, 1603, 1896
1605,  190, 1692, 1708,  189
1606, 1819, 1708, 1692, 1602
1607,  185, 1690, 1711,  184
1608, 1752, 1751, 1599, 1902
1609, 1750, 1598, 1909, 1753
1610, 1749, 1597, 1916, 1754
1611, 1747, 1595, 2137, 1756
1612, 1746, 1594, 2166, 1757
1613, 1745, 1593, 1969, 1758
1614, 1744, 1592, 1910, 1759
1615, 1743, 1591, 1904, 1760
1616, 1742, 1590, 1897, 1761
1617, 1735, 1589, 1891, 1762
1618,  161, 1734, 1763,  160
1619, 1763, 1588, 1889, 1764
1620,  158, 1736, 1765,  157
1621,  156, 1737, 1766,  155
1622,  154, 1738, 1767,  153
1623,  148, 1739, 1770,  147
1624,    7,  235, 2174,  234
1625, 1621,  233,  234, 2174
1626, 1622,  231,  232, 1623
1627,  231, 1622, 1624,  230
1628,  312,  313, 1633, 1634
1629, 2156, 1806,  310,  311
1630, 1639, 1640,  301,  302
1631,  296,  297, 1506, 1807
1632, 1642, 1658,  294,  295
1633, 1644, 1656,  292,  293
1634,  271,  272, 1561, 1789
1635, 1673, 1654,  255,  256
1636, 1671, 1681,  252,  253
1637, 1665, 1676,  246,  247
1638, 1667, 1652,  242,  243
1639, 1655, 1669,  240,  241
1640, 1678, 1685,  238,  239
1641, 1621, 2174, 1668, 1794
1642, 1792, 1790, 1624, 1622
1643, 1793, 1792, 1622, 1623
1644, 1625, 1624, 1790, 1712
1645, 1800, 1626, 1558, 1846
1646, 1627, 1493,  304,  305
1647, 1880, 1833, 1828, 1803
1648, 1486, 1803, 1828, 1630
1649,  318, 1631, 1632,  317
1650, 1779, 1483, 2175, 1771
1651, 1494, 1634, 1633, 1801
1652, 1634, 1494, 1796, 2156
1653, 1865, 1635, 1806, 1831
1654, 1824, 1636, 1635, 1865
1655, 1637, 1491, 1941, 1492
1656, 1637, 1492,  306,  307
1657, 1493, 1802, 1855, 1638
1658, 1504, 1640, 1639, 1827
1659,  300,  301, 1640, 1643
1660,  298,  299, 1641, 1788
1661, 1658, 1818, 1817, 1644
1662, 1505, 1641, 1643, 1797
1663, 1852, 1656, 1644, 1817
1664, 1682, 1646, 1816, 1815
1665,  275,  276, 1647, 1683
1666, 1950, 1662, 1648, 1811
1667, 2017, 1649, 1653, 1565
1668, 1650, 1553, 2164, 1944
1669, 1665, 1650, 1944, 1554
1670, 1551, 1671, 1651, 1947
1671, 1652, 2181, 1887, 1655
1672, 1550, 1947, 1651, 1654
1673, 1556, 1669, 1655, 1887
1674, 2183, 1645, 1656, 1852
1675, 1553, 1650, 1657, 1823
1676, 1642, 1850, 1818, 1658
1677, 1563, 1647, 1659, 1888
1678, 1520, 1949, 1660, 2024
1679,  289,  290, 1660, 1949
1680, 1680, 1813, 1812, 1687
1681, 1670, 1663,  283,  284
1682, 1663, 1799, 1816, 1646
1683,  261,  262, 1687, 1664
1684, 1879, 1849, 1521, 1666
1685, 1667, 2208, 2181, 1652
1686, 1485, 1794, 1668, 1675
1687, 1669, 1556, 1808, 1678
1688, 1798, 1670, 1522, 1845
1689, 1684, 1672,  250,  251
1690,  256,  257, 1688, 1673
1691, 1550, 1654, 1673, 2016
1692, 1675, 1685, 1791, 1485
1693, 1555, 1686, 1676, 1996
1694, 1686, 1677,  244,  245
1695, 1555, 1917, 1677, 1686
1696, 1557, 1685, 1678, 1808
1697, 1549, 1688, 1679, 1810
1698, 1552, 1684, 1681, 1809
1699, 1565, 1653, 1682, 1815
1700, 1562, 1853, 1683, 1814
1701, 1791, 1685, 1557, 1870
1702, 1687, 1812, 2048, 1664
1703, 1973, 2016, 1549, 2216
1704, 1564, 1689, 1649, 2017
1705, 1689, 1564, 1888, 1659
1706, 1710,  186,  187, 1691
1707,  188,  189, 1708, 1709
1708, 2180, 1890, 1710, 1691
1709, 1692, 1707, 1896, 1602
1710, 1693, 1706, 1901, 1603
1711, 1694, 1705, 1908, 1604
1712, 1695, 1704, 1915, 1605
1713, 1703,  199,  200, 1697
1714, 1702,  201,  202, 1698
1715, 1701,  203,  204, 1699
1716, 1713,  206,  207, 1733
1717, 1970, 1700, 1713, 1610
1718, 1709, 1708, 1819, 1601
1719, 1751, 1711, 1821, 1599
1720, 1733,  207,  208, 1714
1721, 1732,  209,  210, 1715
1722, 1731,  211,  212, 1716
1723, 1730,  213,  214, 1717
1724,  215,  216, 1728, 1729
1725, 1718, 1727, 1893, 1615
1726, 1719, 1726, 1899, 1616
1727, 1720, 1725, 1906, 1617
1728, 1721, 1724, 1913, 1618
1729, 1723, 1712, 1790, 1620
1730, 2185, 1619, 1620, 2184
1731, 1729, 1728, 1820, 1614
1732, 1734, 1762, 1891, 2177
1733, 1588, 1763, 1734, 2177
1734, 1735, 1761, 1897, 1589
1735, 1737, 1765, 1894, 1586
1736, 1736,  158,  159, 1764
1737, 1738, 1766, 1900, 1585
1738, 1907, 1767, 1738, 1585
1739, 1739,  148,  149, 1769
1740, 1769,  149,  150, 1740
1741, 1740,  150,  151, 1768
1742, 1768,  151,  152, 1741
1743, 1741,  152,  153, 1767
1744, 1742, 1760, 1904, 1590
1745, 1743, 1759, 1910, 1591
1746, 1744, 1758, 1969, 1592
1747, 1757,  172,  173, 1746
1748, 1756,  174,  175, 1747
1749, 1755,  176,  177, 1748
1750, 2116, 2137, 1595, 2088
1751, 1754,  178,  179, 1749
1752, 2018, 2055, 1596, 1990
1753, 1753,  180,  181, 1750
1754, 1752,  182,  183, 1751
1755, 1778, 1786, 1582, 2083
1756, 1779,   23,   22, 1781
1757, 1780,   13,   12, 1785
1758, 1825, 1773, 1780, 1484
1759, 1778,   10,    9, 1786
1760, 1880, 1961, 1496, 1833
1761, 1783,   17,   16, 1784
1762, 2125, 1784, 1777, 1507
1763, 1582, 2020, 2040, 2083
1764, 1771, 2173,   25,   24
1765, 1771, 2175, 1632, 1631
1766, 1775, 1496, 1961, 1781
1767, 1782, 1772, 1487, 2152
1768, 1776, 1783, 1497, 2163
1769, 1785, 1774, 1523, 1995
1770, 1485, 1857, 1793, 1794
1771, 1620, 1790, 1792, 2184
1772, 1794, 1793, 1623, 1621
1773, 1857, 1485, 1791, 2206
1774, 1842, 1795, 1877, 2212
1775, 1506, 1788, 1795, 1842
1776, 1886, 1831, 1796, 1843
1777, 1674, 1805, 1845, 1522
1778, 1566, 1816, 1799, 2106
1779, 1846, 1558, 1629, 1860
1780, 1801, 1878, 1848, 1494
1781, 1804, 1883, 1546, 1813
1782, 1798, 1845, 1862, 1567
1783, 1506, 1842, 1882, 1807
1784, 1876, 2211, 1551, 1947
1785, 1548, 1895, 1810, 1950
1786, 1547, 2030, 1811, 2048
1787, 1548, 1950, 1811, 2030
1788, 2141, 1812, 1813, 1546
1789, 1547, 2048, 1812, 2141
1790, 1837, 1918, 1562, 1814
1791, 2104, 2035, 2236, 2005
1792, 1815, 1816, 1566, 2104
1793, 1830, 1817, 1818, 1517
1794, 1518, 1852, 1817, 1830
1795, 1834, 1820, 1615, 1871
1796, 1851, 1858, 2217, 1822
1797, 1829, 1822, 2217, 1543
1798, 2209, 1552, 1809, 1841
1799, 1824, 1865, 1832, 2188
1800, 1838, 1826, 1829, 1543
1801, 2210, 1856, 1827, 1855
1802, 1495, 1801, 1828, 1833
1803, 1830, 1912, 1864, 1518
1804, 1865, 1831, 1490, 1832
1805, 1885, 1833, 1496, 2152
1806, 1834, 2191, 2164, 2186
1807, 1946, 1835, 1872, 1541
1808, 2051, 1601, 2199, 1540
1809, 2165, 1613, 1892, 2178
1810, 2193, 2165, 2178, 1614
1811, 1838, 1543, 1971, 1936
1812, 1826, 1838, 1544, 1860
1813, 1972, 1948, 1976, 1539
1814, 1874, 1839, 1948, 1538
1815, 1870, 2185, 2206, 1791
1816, 1868, 1557, 1808, 1984
1817, 1898, 2179, 1962, 2194
1818, 1841, 2194, 1962, 2209
1819, 1886, 1843, 1489, 2029
1820, 1877, 1945, 1515, 1964
1821, 1800, 1846, 2007, 1545
1822, 1502, 1867, 1847, 1875
1823, 1801, 1495, 2187, 1878
1824, 1848, 1878, 2213, 1919
1825, 1805, 1849, 2205, 1568
1826, 1517, 1818, 1850, 1881
1827, 1858, 1851, 1859, 1542
1828, 1852, 1518, 1863, 2183
1829, 1861, 1853, 1562, 1937
1830, 1854, 2028, 2041, 2176
1831, 1855, 1802, 1503, 2210
1832, 1504, 1827, 1856, 1951
1833, 2230, 2229, 1974, 2122
1834, 1930, 1971, 1543, 2217
1835, 1858, 1542, 2219, 2217
1836, 2007, 1544, 1992, 2220
1837, 2070, 1519, 2077, 1570
1838, 1519, 2183, 1863, 2077
1839, 1571, 2072, 1864, 2031
1840, 2188, 1866, 1491, 1824
1841, 1997, 1963, 1502, 2192
1842, 1840, 1868, 1913, 1619
1843, 1836, 1869, 1613, 2165
1844, 1840, 1619, 2185, 1870
1845, 1873, 2234, 2218, 1837
1846, 2078, 1929, 1874, 1538
1847, 2194, 1876, 1612, 1898
1848, 2213, 2082, 1488, 2058
1849, 1520, 1879, 1666, 1949
1850, 1879, 1520, 1968, 2204
1851, 1961, 1483, 1779, 1781
1852, 1881, 1965, 1956, 1517
1853, 1882, 1842, 2212, 1516
1854, 1994, 1581, 1884, 1952
1855, 1604, 1908, 1936, 1971
1856, 1838, 1936, 2198, 1953
1857, 1618, 1984, 1933, 1906
1858, 1957, 1888, 1564, 1993
1859, 1920, 1889, 1588, 2049
1860, 1890, 2180, 1921, 2200
1861, 2161, 2193, 1614, 2186
1862, 2179, 1892, 1613, 1962
1863, 1893, 1616, 1959, 1923
1864, 1954, 1939, 1973, 2216
1865, 1810, 1895, 2216, 1549
1866, 1925, 1896, 1603, 1979
1867, 1962, 1613, 1869, 2209
1868, 1927, 1958, 2208, 1917
1869, 2003, 1903, 1569, 2004
1870, 2228, 1955, 2205, 2204
1871, 1936, 1908, 1605, 2198
1872, 2167, 2197, 1606, 2158
1873, 1919, 2213, 2058, 2231
1874, 1587, 1889, 1920, 1975
1875, 1601, 2051, 1921, 2180
1876, 2200, 2010, 1976, 2201
1877, 2011, 1922, 1977, 2062
1878, 2050, 2049, 1588, 2177
1879, 1996, 1923, 1959, 1555
1880, 2012, 1924, 1975, 1528
1881, 1978, 1924, 2012, 1527
1882, 1999, 2219, 1542, 1966
1883, 2013, 1926, 1980, 1530
1884, 1926, 2013, 2062, 1977
1885, 1927, 1899, 1617, 1958
1886, 1981, 1928, 2014, 1526
1887, 1598, 1902, 1929, 1982
1888, 2034, 1931, 1983, 1531
1889, 1980, 1931, 2034, 1530
1890, 1911, 1932, 2214, 1939
1891, 1611, 1905, 1932, 1911
1892, 1868, 1984, 1618, 1913
1893, 1887, 1958, 1933, 1556
1894, 1981, 1526, 2247, 1934
1895, 1934, 2247, 2232, 1985
1896, 1935, 1982, 2032, 2224
1897, 1918, 1966, 1937, 1562
1898, 2066, 1938, 1988, 1532
1899, 1983, 1938, 2066, 1531
1900, 2068, 1940, 1985, 2232
1901, 1989, 1940, 2068, 1524
1902, 2074, 2001, 1514, 2134
1903, 1514, 2001, 1844, 1951
1904, 1967, 1941, 2189, 2190
1905, 2026, 1501, 2054, 2087
1906, 1930, 2217, 2219, 1979
1907, 2069, 1942, 1986, 2225
1908, 1942, 1536, 2226, 1990
1909, 1943, 2063, 2220, 1992
1910, 1992, 1953, 2198, 1943
1911, 1946, 1541, 1918, 2089
1912, 1550, 2215, 2214, 1947
1913, 1995, 1484, 1780, 1785
1914, 1994, 1952, 2023, 1524
1915, 1544, 1838, 1953, 1992
1916, 1837, 2218, 2089, 1918
1917, 1895, 1548, 2142, 2022
1918, 1903, 2003, 1955, 2228
1919, 1572, 1912, 1956, 2027
1920, 1539, 1993, 2059, 1972
1921, 2097, 1960, 2069, 2225
1922, 2097, 1537, 2136, 1960
1923, 2194, 1841, 2211, 1876
1924, 2019, 1963, 1997, 1512
1925, 2019, 2124, 2044, 1963
1926, 1964, 1516, 2212, 1877
1927, 1502, 1875, 1967, 2192
1928, 1991, 1988, 1592, 1969
1929, 2022, 2142, 1609, 1970
1930, 2254, 1573, 2056, 2095
1931, 1957, 1993, 1539, 2047
1932, 2017, 2059, 1993, 1564
1933, 1954, 2216, 1895, 2022
1934, 2008, 2229, 2210, 1503
1935, 2122, 1974, 1513, 2143
1936, 2014, 1928, 1978, 1527
1937, 2247, 1526, 2033, 2232
1938, 2032, 1982, 2015, 2237
1939, 2113, 2054, 1987, 1500
1940, 2003, 2238, 2046, 2226
1941, 1532, 2118, 2073, 2242
1942, 2112, 1994, 1524, 2098
1943, 2006, 1998, 1516, 1964
1944, 2027, 1998, 1573, 2254
1945, 1979, 2219, 1999, 1925
1946, 2000, 2024, 2070, 2045
1947, 2052, 2001, 2074, 2075
1948, 2025, 1574, 2108, 2006
1949, 2061, 2002, 1511, 2129
1950, 1536, 1955, 2003, 2226
1951, 2045, 2004, 1569, 2000
1952, 1976, 1948, 1839, 2201
1953, 2236, 2035, 2078, 1538
1954, 1503, 1867, 2044, 2008
1955, 1513, 1974, 2229, 2008
1956, 2010, 2047, 1539, 1976
1957, 2049, 2050, 2250, 1529
1958, 2266, 2100, 1528, 2009
1959, 2037, 2013, 1530, 2080
1960, 2016, 1673, 1688, 1549
1961, 1595, 2055, 2018, 2088
1962, 2079, 2019, 1512, 2263
1963, 1513, 2008, 2044, 2124
1964, 1583, 1989, 2040, 2020
1965, 1594, 2202, 2053, 2166
1966, 2021, 1533, 2118, 1991
1967, 2024, 1660, 1519, 2070
1968, 1515, 2001, 2052, 2025
1969, 2054, 1501, 2188, 1987
1970, 2207, 1996, 1554, 2191
1971, 2066, 1532, 2242, 2095
1972, 2041, 2028, 2042, 2123
1973, 2057, 2029, 1499, 2119
1974, 1547, 2196, 2195, 2030
1975, 2091, 1572, 2027, 2254
1976, 2237, 2015, 2094, 2065
1977, 2224, 2032, 2237, 1537
1978, 2064, 2249, 2096, 2107
1979, 2232, 2033, 1525, 2068
1980, 2037, 2081, 2062, 2013
1981, 2067, 2080, 1530, 2034
1982, 2019, 2079, 2038, 2124
1983, 2143, 1513, 2150, 1576
1984, 1529, 2262, 2135, 2043
1985, 2039, 2265, 2250, 2011
1986, 2083, 1523, 1774, 1778
1987, 2041, 1508, 2086, 2176
1988, 2255, 2246, 1580, 2252
1989, 2135, 2110, 2268, 2043
1990, 2103, 1534, 2157, 2099
1991, 1873, 1957, 2047, 2234
1992, 1922, 2011, 2250, 2050
1993, 2089, 2218, 1540, 2199
1994, 1574, 2025, 2052, 2258
1995, 2130, 2090, 2053, 2202
1996, 2087, 2054, 2113, 2243
1997, 2055, 1595, 1747, 1755
1998, 2095, 2056, 1531, 2066
1999, 2057, 1987, 1490, 2223
2000, 2005, 2236, 1972, 2059
2001, 2060, 2091, 2242, 2073
2002, 2138, 1578, 2151, 2144
2003, 1512, 1997, 2061, 2092
2004, 2197, 1545, 2063, 1606
2005, 2220, 2063, 1545, 2007
2006, 2064, 2107, 2251, 2115
2007, 2065, 2094, 1566, 2106
2008, 2136, 2065, 2106, 1567
2009, 2080, 2067, 2108, 1574
2010, 2115, 2127, 2098, 1525
2011, 1536, 1942, 2069, 2146
2012, 2239, 2076, 2072, 1571
2013, 1571, 2031, 2071, 2244
2014, 2072, 2076, 2077, 1863
2015, 1533, 2071, 2073, 2118
2016, 2122, 2134, 1514, 2230
2017, 2075, 2074, 2259, 1575
2018, 2258, 2037, 2080, 1574
2019, 1570, 2077, 2076, 2157
2020, 2187, 2082, 2213, 1878
2021, 2139, 2101, 2257, 2100
2022, 2101, 2139, 2260, 1577
2023, 2112, 2098, 2127, 2245
2024, 1580, 2251, 2153, 2252
2025, 2235, 2121, 2085, 1534
2026, 2120, 2086, 1508, 2140
2027, 1835, 1946, 2089, 2199
2028, 1534, 2103, 2090, 2130
2029, 2095, 2242, 2091, 2254
2030, 2061, 2129, 2248, 2092
2031, 2094, 2035, 2104, 1566
2032, 2105, 2096, 2256, 2261
2033, 1579, 2107, 2096, 2105
2034, 2146, 2069, 1960, 2233
2035, 2071, 1533, 2240, 2244
2036, 2090, 2103, 2240, 1533
2037, 2257, 2128, 2264, 2100
2038, 1487, 2163, 2159, 2102
2039, 1488, 2082, 2102, 2159
2040, 2157, 1534, 2085, 1570
2041, 1578, 2138, 2105, 2261
2042, 1498, 2093, 2231, 2131
2043, 2109, 2260, 2268, 2110
2044, 2150, 2110, 2135, 1576
2045, 2221, 2111, 1509, 2222
2046, 2246, 2255, 2241, 2084
2047, 2243, 2113, 2145, 1510
2048, 2121, 2235, 1535, 2238
2049, 2116, 2114, 2130, 2202
2050, 2115, 2251, 1580, 2127
2051, 2137, 1594, 1746, 1756
2052, 1575, 2259, 2155, 2117
2053, 2132, 2119, 1499, 2203
2054, 2132, 2154, 2145, 2119
2055, 2123, 2221, 1508, 2041
2056, 1498, 2133, 2120, 2203
2057, 2149, 1608, 1698, 1701
2058, 2126, 1579, 2148, 2253
2059, 2127, 1580, 2246, 2245
2060, 2264, 2128, 1527, 2012
2061, 2248, 1578, 2257, 2101
2062, 2131, 2162, 2133, 1498
2063, 1497, 2125, 2133, 2162
2064, 2259, 2074, 2134, 2155
2065, 1576, 2135, 2262, 2117
2066, 2148, 2138, 2144, 1510
2067, 1579, 2105, 2138, 2148
2068, 2100, 2266, 2267, 2139
2069, 2203, 2120, 2140, 2132
2070, 2169, 2168, 1607, 2160
2071, 2152, 1496, 1775, 1782
2072, 2155, 2143, 1576, 2117
2073, 1490, 1987, 2188, 1832
2074, 2147, 1509, 2153, 2253
2075, 2253, 2148, 1510, 2147
2076, 2150, 2038, 2109, 2110
2077, 1509, 2111, 2252, 2153
2078, 2255, 2252, 2111, 2241
2079, 2222, 2154, 2132, 2140
2080, 1509, 2147, 2154, 2222
2081, 1607, 2168, 2167, 2158
2082, 2163, 1487, 1772, 1776
2083, 1608, 2196, 2169, 2160
2084, 2186, 2164, 1553, 2161
2085, 2167, 2168, 1546, 1883
2086, 2168, 2169, 2141, 1546
2087,  320,  321, 2170, 2171
2088, 2171, 2172,  319,  320
2089, 2182, 1672, 1684, 1552
2090, 2190, 2189, 1501, 2026
2091, 2191, 1834, 1871, 2207
2092, 2193, 2161, 1836, 2165
2093, 1608, 2149, 2195, 2196
2094, 1600, 1890, 2200, 2201
2095, 1849, 1879, 2204, 2205
2096, 1939, 2214, 2215, 1973
2097, 2221, 2123, 2241, 2111
2098, 2225, 2224, 1537, 2097
2099, 1986, 1935, 2224, 2225
2100, 2227, 2046, 2238, 1535
2101, 2114, 2227, 1535, 2235
2102, 1541, 1999, 1966, 1918
2103, 1856, 2210, 2229, 2230
2104, 2231, 2093, 1489, 1919
2105, 2233, 1955, 1536, 2146
2106, 1540, 2218, 2234, 2051
2107, 2244, 2240, 2239, 1571
2108, 2243, 1510, 2144, 2087
2109, 2084, 2112, 2245, 2246
2110, 2092, 2248, 2101, 1577
2111, 2096, 2249, 2036, 2256
2112, 2107, 1579, 2126, 2251
2113, 2036, 2014, 1527, 2256
2114, 2257, 1578, 2261, 2128
2115, 2262, 1529, 2250, 2265
2116, 2117, 2262, 2265, 2039
2117, 2260, 2139, 2267, 2268