      1,          7.5,           4.
      2,          7.5,           2.
      3,          7.5,           0.
      4,          10.,           0.
      5,          10.,           4.
      6,           0.,           4.
      7,           0.,          3.5
      8,          7.5,     3.909091
      9,          7.5,   3.81818175
     10,          7.5,   3.72727275
     11,          7.5,   3.63636374
     12,          7.5,    3.5454545
     13,          7.5,    3.4545455
     14,          7.5,   3.36363626
     15,          7.5,   3.27272725
     16,          7.5,   3.18181825
     17,          7.5,     3.090909
     18,          7.5,           3.
     19,          7.5,     2.909091
     20,          7.5,   2.81818175
     21,          7.5,   2.72727275
     22,          7.5,   2.63636374
     23,          7.5,    2.5454545
     24,          7.5,    2.4545455
     25,          7.5,   2.36363626
     26,          7.5,   2.27272725
     27,          7.5,   2.18181825
     28,          7.5,     2.090909
     29,          7.5,   1.90909088
     30,          7.5,   1.81818187
     31,          7.5,   1.72727275
     32,          7.5,   1.63636363
     33,          7.5,    1.5454545
     34,          7.5,    1.4545455
     35,          7.5,   1.36363637
     36,          7.5,   1.27272725
     37,          7.5,   1.18181813
     38,          7.5,   1.09090912
     39,          7.5,           1.
     40,          7.5,  0.909090936
     41,          7.5,  0.818181813
     42,          7.5,  0.727272749
     43,          7.5,  0.636363626
     44,          7.5,  0.545454562
     45,          7.5,  0.454545468
     46,          7.5,  0.363636374
     47,          7.5,  0.272727281
     48,          7.5,  0.181818187
     49,          7.5, 0.0909090936
     50,   7.58928585,           0.
     51,   7.67857122,           0.
     52,   7.76785707,           0.
     53,   7.85714293,           0.
     54,   7.94642878,           0.
     55,   8.03571415,           0.
     56,        8.125,           0.
     57,   8.21428585,           0.
     58,    8.3035717,           0.
     59,   8.39285755,           0.
     60,   8.48214245,           0.
     61,    8.5714283,           0.
     62,   8.66071415,           0.
     63,         8.75,           0.
     64,   8.83928585,           0.
     65,    8.9285717,           0.
     66,   9.01785755,           0.
     67,   9.10714245,           0.
     68,    9.1964283,           0.
     69,   9.28571415,           0.
     70,        9.375,           0.
     71,   9.46428585,           0.
     72,    9.5535717,           0.
     73,   9.64285755,           0.
     74,   9.73214245,           0.
     75,    9.8214283,           0.
     76,   9.91071415,           0.
     77,          10., 0.0909090936
     78,          10.,  0.181818187
     79,          10.,  0.272727281
     80,          10.,  0.363636374
     81,          10.,  0.454545468
     82,          10.,  0.545454562
     83,          10.,  0.636363626
     84,          10.,  0.727272749
     85,          10.,  0.818181813
     86,          10.,  0.909090936
     87,          10.,           1.
     88,          10.,   1.09090912
     89,          10.,   1.18181813
     90,          10.,   1.27272725
     91,          10.,   1.36363637
     92,          10.,    1.4545455
     93,          10.,    1.5454545
     94,          10.,   1.63636363
     95,          10.,   1.72727275
     96,          10.,   1.81818187
     97,          10.,   1.90909088
     98,          10.,           2.
     99,          10.,     2.090909
    100,          10.,   2.18181825
    101,          10.,   2.27272725
    102,          10.,   2.36363626
    103,          10.,    2.4545455
    104,          10.,    2.5454545
    105,          10.,   2.63636374
    106,          10.,   2.72727275
    107,          10.,   2.81818175
    108,          10.,     2.909091
    109,          10.,           3.
    110,          10.,     3.090909
    111,          10.,   3.18181825
    112,          10.,   3.27272725
    113,          10.,   3.36363626
    114,          10.,    3.4545455
    115,          10.,    3.5454545
    116,          10.,   3.63636374
    117,          10.,   3.72727275
    118,          10.,   3.81818175
    119,          10.,     3.909091
    120,   9.91071415,           4.
    121,    9.8214283,           4.
    122,   9.73214245,           4.
    123,   9.64285755,           4.
    124,    9.5535717,           4.
    125,   9.46428585,           4.
    126,        9.375,           4.
    127,   9.28571415,           4.
    128,    9.1964283,           4.
    129,   9.10714245,           4.
    130,   9.01785755,           4.
    131,    8.9285717,           4.
    132,   8.83928585,           4.
    133,         8.75,           4.
    134,   8.66071415,           4.
    135,    8.5714283,           4.
    136,   8.48214245,           4.
    137,   8.39285755,           4.
    138,    8.3035717,           4.
    139,   8.21428585,           4.
    140,        8.125,           4.
    141,   8.03571415,           4.
    142,   7.94642878,           4.
    143,   7.85714293,           4.
    144,   7.76785707,           4.
    145,   7.67857122,           4.
    146,   7.58928585,           4.
    147,    7.4096384,           4.
    148,   7.31927729,           4.
    149,   7.22891569,           4.
    150,    7.1385541,           4.
    151,   7.04819298,           4.
    152,   6.95783138,           4.
    153,   6.86746979,           4.
    154,   6.77710867,           4.
    155,   6.68674707,           4.
    156,   6.59638548,           4.
    157,   6.50602388,           4.
    158,   6.41566277,           4.
    159,   6.32530117,           4.
    160,   6.23493958,           4.
    161,   6.14457846,           4.
    162,   6.05421686,           4.
    163,   5.96385527,           4.
    164,   5.87349415,           4.
    165,   5.78313255,           4.
    166,   5.69277096,           4.
    167,   5.60240984,           4.
    168,   5.51204824,           4.
    169,   5.42168665,           4.
    170,   5.33132553,           4.
    171,   5.24096394,           4.
    172,   5.15060234,           4.
    173,   5.06024075,           4.
    174,   4.96987963,           4.
    175,   4.87951803,           4.
    176,   4.78915644,           4.
    177,   4.69879532,           4.
    178,   4.60843372,           4.
    179,   4.51807213,           4.
    180,   4.42771101,           4.
    181,   4.33734941,           4.
    182,   4.24698782,           4.
    183,    4.1566267,           4.
    184,   4.06626511,           4.
    185,   3.97590351,           4.
    186,   3.88554215,           4.
    187,    3.7951808,           4.
    188,    3.7048192,           4.
    189,   3.61445785,           4.
    190,   3.52409649,           4.
    191,   3.43373489,           4.
    192,   3.34337354,           4.
    193,   3.25301194,           4.
    194,   3.16265059,           4.
    195,   3.07228923,           4.
    196,   2.98192763,           4.
    197,   2.89156628,           4.
    198,   2.80120492,           4.
    199,   2.71084332,           4.
    200,   2.62048197,           4.
    201,   2.53012037,           4.
    202,   2.43975902,           4.
    203,   2.34939766,           4.
    204,   2.25903606,           4.
    205,   2.16867471,           4.
    206,   2.07831335,           4.
    207,   1.98795176,           4.
    208,    1.8975904,           4.
    209,   1.80722892,           4.
    210,   1.71686745,           4.
    211,   1.62650597,           4.
    212,   1.53614461,           4.
    213,   1.44578314,           4.
    214,   1.35542166,           4.
    215,   1.26506019,           4.
    216,   1.17469883,           4.
    217,   1.08433735,           4.
    218,  0.993975878,           4.
    219,  0.903614461,           4.
    220,  0.813252985,           4.
    221,  0.722891569,           4.
    222,  0.632530093,           4.
    223,  0.542168677,           4.
    224,  0.451807231,           4.
    225,  0.361445785,           4.
    226,  0.271084338,           4.
    227,  0.180722892,           4.
    228, 0.0903614461,           4.
    229,           0.,   3.92857146
    230,           0.,   3.85714293
    231,           0.,   3.78571439
    232,           0.,   3.71428561
    233,           0.,   3.64285707
    234,           0.,   3.57142854
    235,  0.089531295,   3.49989319
    236,  0.179062143,   3.49957252
    237,     0.268592,   3.49903774
    238,  0.358120322,   3.49828911
    239,  0.447646618,    3.4973259
    240,  0.537170291,   3.49614763
    241,  0.626690805,   3.49475431
    242,  0.716207683,   3.49314499
    243,  0.805720448,   3.49131918
    244,  0.895228624,   3.48927593
    245,  0.984731495,   3.48701453
    246,   1.07422864,   3.48453403
    247,    1.1637193,   3.48183346
    248,   1.25320292,   3.47891164
    249,   1.34267902,   3.47576714
    250,   1.43214715,   3.47239876
    251,   1.52160645,   3.46880507
    252,   1.61105633,   3.46498466
    253,    1.7004962,   3.46093559
    254,   1.78992522,   3.45665598
    255,   1.87934279,   3.45214415
    256,   1.96874833,   3.44739819
    257,   2.05814099,   3.44241548
    258,   2.14752007,   3.43719387
    259,   2.23688459,   3.43173099
    260,   2.32623386,   3.42602444
    261,   2.41556716,   3.42007089
    262,   2.50488353,   3.41386795
    263,   2.59418201,   3.40741205
    264,   2.68346143,   3.40070033
    265,   2.77272081,   3.39372897
    266,   2.86195946,   3.38649464
    267,   2.95117617,   3.37899327
    268,   3.04036951,   3.37122059
    269,   3.12953854,   3.36317253
    270,   3.21868181,   3.35484457
    271,   3.30779791,   3.34623146
    272,   3.39688563,    3.3373282
    273,   3.48594308,   3.32812953
    274,   3.57496905,    3.3186295
    275,   3.66396165,   3.30882215
    276,    3.7529192,   3.29870081
    277,   3.84183955,   3.28825879
    278,   3.93072081,   3.27748871
    279,   4.01956081,   3.26638269
    280,   4.10835695,   3.25493264
    281,   4.19710684,   3.24312973
    282,   4.28580761,   3.23096466
    283,   4.37445688,   3.21842718
    284,   4.46305132,    3.2055068
    285,    4.5515871,   3.19219232
    286,    4.6400609,   3.17847085
    287,   4.72846794,   3.16432977
    288,   4.81680536,   3.14975452
    289,   4.90506697,   3.13473034
    290,   4.99324799,   3.11924028
    291,   5.08134317,   3.10326695
    292,   5.16934538,   3.08679104
    293,   5.25724792,   3.06979156
    294,   5.34504318,   3.05224538
    295,   5.43272209,   3.03412819
    296,   5.52027512,   3.01541233
    297,   5.60769176,     2.996068
    298,   5.69495916,    2.9760623
    299,   5.78206348,   2.95535827
    300,   5.86898899,   2.93391585
    301,   5.95571756,   2.91168928
    302,   6.04222727,   2.88862777
    303,   6.12849474,   2.86467457
    304,   6.21449041,   2.83976436
    305,   6.30018091,   2.81382346
    306,    6.3855257,   2.78676724
    307,   6.47047567,     2.758497
    308,   6.55497217,   2.72889876
    309,   6.63894176,   2.69783807
    310,    6.7222929,   2.66515493
    311,   6.80490875,    2.6306572
    312,   6.88663912,    2.5941112
    313,   6.96728277,   2.55522871
    314,   7.04656744,   2.51364923
    315,   7.12411356,   2.46891403
    316,   7.19936895,   2.42043233
    317,   7.27150679,   2.36743379
    318,   7.33922815,   2.30891633
    319,   7.40041304,   2.24362993
    320,   7.45153141,   2.17025638
    321,   7.48700237,   2.08827114
    322,   7.58928585,     3.909091
    323,   7.58928585,   3.81818175
    324,   7.58928585,   3.72727275
    325,   7.58928585,   3.63636374
    326,   7.58928585,    3.5454545
    327,   7.58928585,    3.4545455
    328,   7.58928585,   3.36363626
    329,   7.58928585,   3.27272725
    330,   7.58928585,   3.18181825
    331,   7.58928585,     3.090909
    332,   7.58928585,           3.
    333,   7.58928585,     2.909091
    334,   7.58928585,   2.81818175
    335,   7.58928585,   2.72727275
    336,   7.58928585,   2.63636374
    337,   7.58928585,    2.5454545
    338,   7.58928585,    2.4545455
    339,   7.58928585,   2.36363626
    340,   7.58928585,   2.27272725
    341,   7.58928585,   2.18181825
    342,   7.58928585,     2.090909
    343,   7.58928585,           2.
    344,   7.58928585,   1.90909088
    345,   7.58928585,   1.81818187
    346,   7.58928585,   1.72727275
    347,   7.58928585,   1.63636363
    348,   7.58928585,    1.5454545
    349,   7.58928585,    1.4545455
    350,   7.58928585,   1.36363637
    351,   7.58928585,   1.27272725
    352,   7.58928585,   1.18181813
    353,   7.58928585,   1.09090912
    354,   7.58928585,           1.
    355,   7.58928585,  0.909090936
    356,   7.58928585,  0.818181813
    357,   7.58928585,  0.727272749
    358,   7.58928585,  0.636363626
    359,   7.58928585,  0.545454562
    360,   7.58928585,  0.454545468
    361,   7.58928585,  0.363636374
    362,   7.58928585,  0.272727281
    363,   7.58928585,  0.181818187
    364,   7.58928585, 0.0909090936
    365,   7.67857122,     3.909091
    366,   7.67857122,   3.81818175
    367,   7.67857122,   3.72727275
    368,   7.67857122,   3.63636374
    369,   7.67857122,    3.5454545
    370,   7.67857122,    3.4545455
    371,   7.67857122,   3.36363626
    372,   7.67857122,   3.27272725
    373,   7.67857122,   3.18181825
    374,   7.67857122,     3.090909
    375,   7.67857122,           3.
    376,   7.67857122,     2.909091
    377,   7.67857122,   2.81818175
    378,   7.67857122,   2.72727275
    379,   7.67857122,   2.63636374
    380,   7.67857122,    2.5454545
    381,   7.67857122,    2.4545455
    382,   7.67857122,   2.36363626
    383,   7.67857122,   2.27272725
    384,   7.67857122,   2.18181825
    385,   7.67857122,     2.090909
    386,   7.67857122,           2.
    387,   7.67857122,   1.90909088
    388,   7.67857122,   1.81818187
    389,   7.67857122,   1.72727275
    390,   7.67857122,   1.63636363
    391,   7.67857122,    1.5454545
    392,   7.67857122,    1.4545455
    393,   7.67857122,   1.36363637
    394,   7.67857122,   1.27272725
    395,   7.67857122,   1.18181813
    396,   7.67857122,   1.09090912
    397,   7.67857122,           1.
    398,   7.67857122,  0.909090936
    399,   7.67857122,  0.818181813
    400,   7.67857122,  0.727272749
    401,   7.67857122,  0.636363626
    402,   7.67857122,  0.545454562
    403,   7.67857122,  0.454545468
    404,   7.67857122,  0.363636374
    405,   7.67857122,  0.272727281
    406,   7.67857122,  0.181818187
    407,   7.67857122, 0.0909090936
    408,   7.76785707,     3.909091
    409,   7.76785707,   3.81818175
    410,   7.76785707,   3.72727275
    411,   7.76785707,   3.63636374
    412,   7.76785707,    3.5454545
    413,   7.76785707,    3.4545455
    414,   7.76785707,   3.36363626
    415,   7.76785707,   3.27272725
    416,   7.76785707,   3.18181825
    417,   7.76785707,     3.090909
    418,   7.76785707,           3.
    419,   7.76785707,     2.909091
    420,   7.76785707,   2.81818175
    421,   7.76785707,   2.72727275
    422,   7.76785707,   2.63636374
    423,   7.76785707,    2.5454545
    424,   7.76785707,    2.4545455
    425,   7.76785707,   2.36363626
    426,   7.76785707,   2.27272725
    427,   7.76785707,   2.18181825
    428,   7.76785707,     2.090909
    429,   7.76785707,           2.
    430,   7.76785707,   1.90909088
    431,   7.76785707,   1.81818187
    432,   7.76785707,   1.72727275
    433,   7.76785707,   1.63636363
    434,   7.76785707,    1.5454545
    435,   7.76785707,    1.4545455
    436,   7.76785707,   1.36363637
    437,   7.76785707,   1.27272725
    438,   7.76785707,   1.18181813
    439,   7.76785707,   1.09090912
    440,   7.76785707,           1.
    441,   7.76785707,  0.909090936
    442,   7.76785707,  0.818181813
    443,   7.76785707,  0.727272749
    444,   7.76785707,  0.636363626
    445,   7.76785707,  0.545454562
    446,   7.76785707,  0.454545468
    447,   7.76785707,  0.363636374
    448,   7.76785707,  0.272727281
    449,   7.76785707,  0.181818187
    450,   7.76785707, 0.0909090936
    451,   7.85714293,     3.909091
    452,   7.85714293,   3.81818175
    453,   7.85714293,   3.72727275
    454,   7.85714293,   3.63636374
    455,   7.85714293,    3.5454545
    456,   7.85714293,    3.4545455
    457,   7.85714293,   3.36363626
    458,   7.85714293,   3.27272725
    459,   7.85714293,   3.18181825
    460,   7.85714293,     3.090909
    461,   7.85714293,           3.
    462,   7.85714293,     2.909091
    463,   7.85714293,   2.81818175
    464,   7.85714293,   2.72727275
    465,   7.85714293,   2.63636374
    466,   7.85714293,    2.5454545
    467,   7.85714293,    2.4545455
    468,   7.85714293,   2.36363626
    469,   7.85714293,   2.27272725
    470,   7.85714293,   2.18181825
    471,   7.85714293,     2.090909
    472,   7.85714293,           2.
    473,   7.85714293,   1.90909088
    474,   7.85714293,   1.81818187
    475,   7.85714293,   1.72727275
    476,   7.85714293,   1.63636363
    477,   7.85714293,    1.5454545
    478,   7.85714293,    1.4545455
    479,   7.85714293,   1.36363637
    480,   7.85714293,   1.27272725
    481,   7.85714293,   1.18181813
    482,   7.85714293,   1.09090912
    483,   7.85714293,           1.
    484,   7.85714293,  0.909090936
    485,   7.85714293,  0.818181813
    486,   7.85714293,  0.727272749
    487,   7.85714293,  0.636363626
    488,   7.85714293,  0.545454562
    489,   7.85714293,  0.454545468
    490,   7.85714293,  0.363636374
    491,   7.85714293,  0.272727281
    492,   7.85714293,  0.181818187
    493,   7.85714293, 0.0909090936
    494,   7.94642878,     3.909091
    495,   7.94642878,   3.81818175
    496,   7.94642878,   3.72727275
    497,   7.94642878,   3.63636374
    498,   7.94642878,    3.5454545
    499,   7.94642878,    3.4545455
    500,   7.94642878,   3.36363626
    501,   7.94642878,   3.27272725
    502,   7.94642878,   3.18181825
    503,   7.94642878,     3.090909
    504,   7.94642878,           3.
    505,   7.94642878,     2.909091
    506,   7.94642878,   2.81818175
    507,   7.94642878,   2.72727275
    508,   7.94642878,   2.63636374
    509,   7.94642878,    2.5454545
    510,   7.94642878,    2.4545455
    511,   7.94642878,   2.36363626
    512,   7.94642878,   2.27272725
    513,   7.94642878,   2.18181825
    514,   7.94642878,     2.090909
    515,   7.94642878,           2.
    516,   7.94642878,   1.90909088
    517,   7.94642878,   1.81818187
    518,   7.94642878,   1.72727275
    519,   7.94642878,   1.63636363
    520,   7.94642878,    1.5454545
    521,   7.94642878,    1.4545455
    522,   7.94642878,   1.36363637
    523,   7.94642878,   1.27272725
    524,   7.94642878,   1.18181813
    525,   7.94642878,   1.09090912
    526,   7.94642878,           1.
    527,   7.94642878,  0.909090936
    528,   7.94642878,  0.818181813
    529,   7.94642878,  0.727272749
    530,   7.94642878,  0.636363626
    531,   7.94642878,  0.545454562
    532,   7.94642878,  0.454545468
    533,   7.94642878,  0.363636374
    534,   7.94642878,  0.272727281
    535,   7.94642878,  0.181818187
    536,   7.94642878, 0.0909090936
    537,   8.03571415,     3.909091
    538,   8.03571415,   3.81818175
    539,   8.03571415,   3.72727275
    540,   8.03571415,   3.63636374
    541,   8.03571415,    3.5454545
    542,   8.03571415,    3.4545455
    543,   8.03571415,   3.36363626
    544,   8.03571415,   3.27272725
    545,   8.03571415,   3.18181825
    546,   8.03571415,     3.090909
    547,   8.03571415,           3.
    548,   8.03571415,     2.909091
    549,   8.03571415,   2.81818175
    550,   8.03571415,   2.72727275
    551,   8.03571415,   2.63636374
    552,   8.03571415,    2.5454545
    553,   8.03571415,    2.4545455
    554,   8.03571415,   2.36363626
    555,   8.03571415,   2.27272725
    556,   8.03571415,   2.18181825
    557,   8.03571415,     2.090909
    558,   8.03571415,           2.
    559,   8.03571415,   1.90909088
    560,   8.03571415,   1.81818187
    561,   8.03571415,   1.72727275
    562,   8.03571415,   1.63636363
    563,   8.03571415,    1.5454545
    564,   8.03571415,    1.4545455
    565,   8.03571415,   1.36363637
    566,   8.03571415,   1.27272725
    567,   8.03571415,   1.18181813
    568,   8.03571415,   1.09090912
    569,   8.03571415,           1.
    570,   8.03571415,  0.909090936
    571,   8.03571415,  0.818181813
    572,   8.03571415,  0.727272749
    573,   8.03571415,  0.636363626
    574,   8.03571415,  0.545454562
    575,   8.03571415,  0.454545468
    576,   8.03571415,  0.363636374
    577,   8.03571415,  0.272727281
    578,   8.03571415,  0.181818187
    579,   8.03571415, 0.0909090936
    580,        8.125,     3.909091
    581,        8.125,   3.81818175
    582,        8.125,   3.72727275
    583,        8.125,   3.63636374
    584,        8.125,    3.5454545
    585,        8.125,    3.4545455
    586,        8.125,   3.36363626
    587,        8.125,   3.27272725
    588,        8.125,   3.18181825
    589,        8.125,     3.090909
    590,        8.125,           3.
    591,        8.125,     2.909091
    592,        8.125,   2.81818175
    593,        8.125,   2.72727275
    594,        8.125,   2.63636374
    595,        8.125,    2.5454545
    596,        8.125,    2.4545455
    597,        8.125,   2.36363626
    598,        8.125,   2.27272725
    599,        8.125,   2.18181825
    600,        8.125,     2.090909
    601,        8.125,           2.
    602,        8.125,   1.90909088
    603,        8.125,   1.81818187
    604,        8.125,   1.72727275
    605,        8.125,   1.63636363
    606,        8.125,    1.5454545
    607,        8.125,    1.4545455
    608,        8.125,   1.36363637
    609,        8.125,   1.27272725
    610,        8.125,   1.18181813
    611,        8.125,   1.09090912
    612,        8.125,           1.
    613,        8.125,  0.909090936
    614,        8.125,  0.818181813
    615,        8.125,  0.727272749
    616,        8.125,  0.636363626
    617,        8.125,  0.545454562
    618,        8.125,  0.454545468
    619,        8.125,  0.363636374
    620,        8.125,  0.272727281
    621,        8.125,  0.181818187
    622,        8.125, 0.0909090936
    623,   8.21428585,     3.909091
    624,   8.21428585,   3.81818175
    625,   8.21428585,   3.72727275
    626,   8.21428585,   3.63636374
    627,   8.21428585,    3.5454545
    628,   8.21428585,    3.4545455
    629,   8.21428585,   3.36363626
    630,   8.21428585,   3.27272725
    631,   8.21428585,   3.18181825
    632,   8.21428585,     3.090909
    633,   8.21428585,           3.
    634,   8.21428585,     2.909091
    635,   8.21428585,   2.81818175
    636,   8.21428585,   2.72727275
    637,   8.21428585,   2.63636374
    638,   8.21428585,    2.5454545
    639,   8.21428585,    2.4545455
    640,   8.21428585,   2.36363626
    641,   8.21428585,   2.27272725
    642,   8.21428585,   2.18181825
    643,   8.21428585,     2.090909
    644,   8.21428585,           2.
    645,   8.21428585,   1.90909088
    646,   8.21428585,   1.81818187
    647,   8.21428585,   1.72727275
    648,   8.21428585,   1.63636363
    649,   8.21428585,    1.5454545
    650,   8.21428585,    1.4545455
    651,   8.21428585,   1.36363637
    652,   8.21428585,   1.27272725
    653,   8.21428585,   1.18181813
    654,   8.21428585,   1.09090912
    655,   8.21428585,           1.
    656,   8.21428585,  0.909090936
    657,   8.21428585,  0.818181813
    658,   8.21428585,  0.727272749
    659,   8.21428585,  0.636363626
    660,   8.21428585,  0.545454562
    661,   8.21428585,  0.454545468
    662,   8.21428585,  0.363636374
    663,   8.21428585,  0.272727281
    664,   8.21428585,  0.181818187
    665,   8.21428585, 0.0909090936
    666,    8.3035717,     3.909091
    667,    8.3035717,   3.81818175
    668,    8.3035717,   3.72727275
    669,    8.3035717,   3.63636374
    670,    8.3035717,    3.5454545
    671,    8.3035717,    3.4545455
    672,    8.3035717,   3.36363626
    673,    8.3035717,   3.27272725
    674,    8.3035717,   3.18181825
    675,    8.3035717,     3.090909
    676,    8.3035717,           3.
    677,    8.3035717,     2.909091
    678,    8.3035717,   2.81818175
    679,    8.3035717,   2.72727275
    680,    8.3035717,   2.63636374
    681,    8.3035717,    2.5454545
    682,    8.3035717,    2.4545455
    683,    8.3035717,   2.36363626
    684,    8.3035717,   2.27272725
    685,    8.3035717,   2.18181825
    686,    8.3035717,     2.090909
    687,    8.3035717,           2.
    688,    8.3035717,   1.90909088
    689,    8.3035717,   1.81818187
    690,    8.3035717,   1.72727275
    691,    8.3035717,   1.63636363
    692,    8.3035717,    1.5454545
    693,    8.3035717,    1.4545455
    694,    8.3035717,   1.36363637
    695,    8.3035717,   1.27272725
    696,    8.3035717,   1.18181813
    697,    8.3035717,   1.09090912
    698,    8.3035717,           1.
    699,    8.3035717,  0.909090936
    700,    8.3035717,  0.818181813
    701,    8.3035717,  0.727272749
    702,    8.3035717,  0.636363626
    703,    8.3035717,  0.545454562
    704,    8.3035717,  0.454545468
    705,    8.3035717,  0.363636374
    706,    8.3035717,  0.272727281
    707,    8.3035717,  0.181818187
    708,    8.3035717, 0.0909090936
    709,   8.39285755,     3.909091
    710,   8.39285755,   3.81818175
    711,   8.39285755,   3.72727275
    712,   8.39285755,   3.63636374
    713,   8.39285755,    3.5454545
    714,   8.39285755,    3.4545455
    715,   8.39285755,   3.36363626
    716,   8.39285755,   3.27272725
    717,   8.39285755,   3.18181825
    718,   8.39285755,     3.090909
    719,   8.39285755,           3.
    720,   8.39285755,     2.909091
    721,   8.39285755,   2.81818175
    722,   8.39285755,   2.72727275
    723,   8.39285755,   2.63636374
    724,   8.39285755,    2.5454545
    725,   8.39285755,    2.4545455
    726,   8.39285755,   2.36363626
    727,   8.39285755,   2.27272725
    728,   8.39285755,   2.18181825
    729,   8.39285755,     2.090909
    730,   8.39285755,           2.
    731,   8.39285755,   1.90909088
    732,   8.39285755,   1.81818187
    733,   8.39285755,   1.72727275
    734,   8.39285755,   1.63636363
    735,   8.39285755,    1.5454545
    736,   8.39285755,    1.4545455
    737,   8.39285755,   1.36363637
    738,   8.39285755,   1.27272725
    739,   8.39285755,   1.18181813
    740,   8.39285755,   1.09090912
    741,   8.39285755,           1.
    742,   8.39285755,  0.909090936
    743,   8.39285755,  0.818181813
    744,   8.39285755,  0.727272749
    745,   8.39285755,  0.636363626
    746,   8.39285755,  0.545454562
    747,   8.39285755,  0.454545468
    748,   8.39285755,  0.363636374
    749,   8.39285755,  0.272727281
    750,   8.39285755,  0.181818187
    751,   8.39285755, 0.0909090936
    752,   8.48214245,     3.909091
    753,   8.48214245,   3.81818175
    754,   8.48214245,   3.72727275
    755,   8.48214245,   3.63636374
    756,   8.48214245,    3.5454545
    757,   8.48214245,    3.4545455
    758,   8.48214245,   3.36363626
    759,   8.48214245,   3.27272725
    760,   8.48214245,   3.18181825
    761,   8.48214245,     3.090909
    762,   8.48214245,           3.
    763,   8.48214245,     2.909091
    764,   8.48214245,   2.81818175
    765,   8.48214245,   2.72727275
    766,   8.48214245,   2.63636374
    767,   8.48214245,    2.5454545
    768,   8.48214245,    2.4545455
    769,   8.48214245,   2.36363626
    770,   8.48214245,   2.27272725
    771,   8.48214245,   2.18181825
    772,   8.48214245,     2.090909
    773,   8.48214245,           2.
    774,   8.48214245,   1.90909088
    775,   8.48214245,   1.81818187
    776,   8.48214245,   1.72727275
    777,   8.48214245,   1.63636363
    778,   8.48214245,    1.5454545
    779,   8.48214245,    1.4545455
    780,   8.48214245,   1.36363637
    781,   8.48214245,   1.27272725
    782,   8.48214245,   1.18181813
    783,   8.48214245,   1.09090912
    784,   8.48214245,           1.
    785,   8.48214245,  0.909090936
    786,   8.48214245,  0.818181813
    787,   8.48214245,  0.727272749
    788,   8.48214245,  0.636363626
    789,   8.48214245,  0.545454562
    790,   8.48214245,  0.454545468
    791,   8.48214245,  0.363636374
    792,   8.48214245,  0.272727281
    793,   8.48214245,  0.181818187
    794,   8.48214245, 0.0909090936
    795,    8.5714283,     3.909091
    796,    8.5714283,   3.81818175
    797,    8.5714283,   3.72727275
    798,    8.5714283,   3.63636374
    799,    8.5714283,    3.5454545
    800,    8.5714283,    3.4545455
    801,    8.5714283,   3.36363626
    802,    8.5714283,   3.27272725
    803,    8.5714283,   3.18181825
    804,    8.5714283,     3.090909
    805,    8.5714283,           3.
    806,    8.5714283,     2.909091
    807,    8.5714283,   2.81818175
    808,    8.5714283,   2.72727275
    809,    8.5714283,   2.63636374
    810,    8.5714283,    2.5454545
    811,    8.5714283,    2.4545455
    812,    8.5714283,   2.36363626
    813,    8.5714283,   2.27272725
    814,    8.5714283,   2.18181825
    815,    8.5714283,     2.090909
    816,    8.5714283,           2.
    817,    8.5714283,   1.90909088
    818,    8.5714283,   1.81818187
    819,    8.5714283,   1.72727275
    820,    8.5714283,   1.63636363
    821,    8.5714283,    1.5454545
    822,    8.5714283,    1.4545455
    823,    8.5714283,   1.36363637
    824,    8.5714283,   1.27272725
    825,    8.5714283,   1.18181813
    826,    8.5714283,   1.09090912
    827,    8.5714283,           1.
    828,    8.5714283,  0.909090936
    829,    8.5714283,  0.818181813
    830,    8.5714283,  0.727272749
    831,    8.5714283,  0.636363626
    832,    8.5714283,  0.545454562
    833,    8.5714283,  0.454545468
    834,    8.5714283,  0.363636374
    835,    8.5714283,  0.272727281
    836,    8.5714283,  0.181818187
    837,    8.5714283, 0.0909090936
    838,   8.66071415,     3.909091
    839,   8.66071415,   3.81818175
    840,   8.66071415,   3.72727275
    841,   8.66071415,   3.63636374
    842,   8.66071415,    3.5454545
    843,   8.66071415,    3.4545455
    844,   8.66071415,   3.36363626
    845,   8.66071415,   3.27272725
    846,   8.66071415,   3.18181825
    847,   8.66071415,     3.090909
    848,   8.66071415,           3.
    849,   8.66071415,     2.909091
    850,   8.66071415,   2.81818175
    851,   8.66071415,   2.72727275
    852,   8.66071415,   2.63636374
    853,   8.66071415,    2.5454545
    854,   8.66071415,    2.4545455
    855,   8.66071415,   2.36363626
    856,   8.66071415,   2.27272725
    857,   8.66071415,   2.18181825
    858,   8.66071415,     2.090909
    859,   8.66071415,           2.
    860,   8.66071415,   1.90909088
    861,   8.66071415,   1.81818187
    862,   8.66071415,   1.72727275
    863,   8.66071415,   1.63636363
    864,   8.66071415,    1.5454545
    865,   8.66071415,    1.4545455
    866,   8.66071415,   1.36363637
    867,   8.66071415,   1.27272725
    868,   8.66071415,   1.18181813
    869,   8.66071415,   1.09090912
    870,   8.66071415,           1.
    871,   8.66071415,  0.909090936
    872,   8.66071415,  0.818181813
    873,   8.66071415,  0.727272749
    874,   8.66071415,  0.636363626
    875,   8.66071415,  0.545454562
    876,   8.66071415,  0.454545468
    877,   8.66071415,  0.363636374
    878,   8.66071415,  0.272727281
    879,   8.66071415,  0.181818187
    880,   8.66071415, 0.0909090936
    881,         8.75,     3.909091
    882,         8.75,   3.81818175
    883,         8.75,   3.72727275
    884,         8.75,   3.63636374
    885,         8.75,    3.5454545
    886,         8.75,    3.4545455
    887,         8.75,   3.36363626
    888,         8.75,   3.27272725
    889,         8.75,   3.18181825
    890,         8.75,     3.090909
    891,         8.75,           3.
    892,         8.75,     2.909091
    893,         8.75,   2.81818175
    894,         8.75,   2.72727275
    895,         8.75,   2.63636374
    896,         8.75,    2.5454545
    897,         8.75,    2.4545455
    898,         8.75,   2.36363626
    899,         8.75,   2.27272725
    900,         8.75,   2.18181825
    901,         8.75,     2.090909
    902,         8.75,           2.
    903,         8.75,   1.90909088
    904,         8.75,   1.81818187
    905,         8.75,   1.72727275
    906,         8.75,   1.63636363
    907,         8.75,    1.5454545
    908,         8.75,    1.4545455
    909,         8.75,   1.36363637
    910,         8.75,   1.27272725
    911,         8.75,   1.18181813
    912,         8.75,   1.09090912
    913,         8.75,           1.
    914,         8.75,  0.909090936
    915,         8.75,  0.818181813
    916,         8.75,  0.727272749
    917,         8.75,  0.636363626
    918,         8.75,  0.545454562
    919,         8.75,  0.454545468
    920,         8.75,  0.363636374
    921,         8.75,  0.272727281
    922,         8.75,  0.181818187
    923,         8.75, 0.0909090936
    924,   8.83928585,     3.909091
    925,   8.83928585,   3.81818175
    926,   8.83928585,   3.72727275
    927,   8.83928585,   3.63636374
    928,   8.83928585,    3.5454545
    929,   8.83928585,    3.4545455
    930,   8.83928585,   3.36363626
    931,   8.83928585,   3.27272725
    932,   8.83928585,   3.18181825
    933,   8.83928585,     3.090909
    934,   8.83928585,           3.
    935,   8.83928585,     2.909091
    936,   8.83928585,   2.81818175
    937,   8.83928585,   2.72727275
    938,   8.83928585,   2.63636374
    939,   8.83928585,    2.5454545
    940,   8.83928585,    2.4545455
    941,   8.83928585,   2.36363626
    942,   8.83928585,   2.27272725
    943,   8.83928585,   2.18181825
    944,   8.83928585,     2.090909
    945,   8.83928585,           2.
    946,   8.83928585,   1.90909088
    947,   8.83928585,   1.81818187
    948,   8.83928585,   1.72727275
    949,   8.83928585,   1.63636363
    950,   8.83928585,    1.5454545
    951,   8.83928585,    1.4545455
    952,   8.83928585,   1.36363637
    953,   8.83928585,   1.27272725
    954,   8.83928585,   1.18181813
    955,   8.83928585,   1.09090912
    956,   8.83928585,           1.
    957,   8.83928585,  0.909090936
    958,   8.83928585,  0.818181813
    959,   8.83928585,  0.727272749
    960,   8.83928585,  0.636363626
    961,   8.83928585,  0.545454562
    962,   8.83928585,  0.454545468
    963,   8.83928585,  0.363636374
    964,   8.83928585,  0.272727281
    965,   8.83928585,  0.181818187
    966,   8.83928585, 0.0909090936
    967,    8.9285717,     3.909091
    968,    8.9285717,   3.81818175
    969,    8.9285717,   3.72727275
    970,    8.9285717,   3.63636374
    971,    8.9285717,    3.5454545
    972,    8.9285717,    3.4545455
    973,    8.9285717,   3.36363626
    974,    8.9285717,   3.27272725
    975,    8.9285717,   3.18181825
    976,    8.9285717,     3.090909
    977,    8.9285717,           3.
    978,    8.9285717,     2.909091
    979,    8.9285717,   2.81818175
    980,    8.9285717,   2.72727275
    981,    8.9285717,   2.63636374
    982,    8.9285717,    2.5454545
    983,    8.9285717,    2.4545455
    984,    8.9285717,   2.36363626
    985,    8.9285717,   2.27272725
    986,    8.9285717,   2.18181825
    987,    8.9285717,     2.090909
    988,    8.9285717,           2.
    989,    8.9285717,   1.90909088
    990,    8.9285717,   1.81818187
    991,    8.9285717,   1.72727275
    992,    8.9285717,   1.63636363
    993,    8.9285717,    1.5454545
    994,    8.9285717,    1.4545455
    995,    8.9285717,   1.36363637
    996,    8.9285717,   1.27272725
    997,    8.9285717,   1.18181813
    998,    8.9285717,   1.09090912
    999,    8.9285717,           1.
   1000,    8.9285717,  0.909090936
   1001,    8.9285717,  0.818181813
   1002,    8.9285717,  0.727272749
   1003,    8.9285717,  0.636363626
   1004,    8.9285717,  0.545454562
   1005,    8.9285717,  0.454545468
   1006,    8.9285717,  0.363636374
   1007,    8.9285717,  0.272727281
   1008,    8.9285717,  0.181818187
   1009,    8.9285717, 0.0909090936
   1010,   9.01785755,     3.909091
   1011,   9.01785755,   3.81818175
   1012,   9.01785755,   3.72727275
   1013,   9.01785755,   3.63636374
   1014,   9.01785755,    3.5454545
   1015,   9.01785755,    3.4545455
   1016,   9.01785755,   3.36363626
   1017,   9.01785755,   3.27272725
   1018,   9.01785755,   3.18181825
   1019,   9.01785755,     3.090909
   1020,   9.01785755,           3.
   1021,   9.01785755,     2.909091
   1022,   9.01785755,   2.81818175
   1023,   9.01785755,   2.72727275
   1024,   9.01785755,   2.63636374
   1025,   9.01785755,    2.5454545
   1026,   9.01785755,    2.4545455
   1027,   9.01785755,   2.36363626
   1028,   9.01785755,   2.27272725
   1029,   9.01785755,   2.18181825
   1030,   9.01785755,     2.090909
   1031,   9.01785755,           2.
   1032,   9.01785755,   1.90909088
   1033,   9.01785755,   1.81818187
   1034,   9.01785755,   1.72727275
   1035,   9.01785755,   1.63636363
   1036,   9.01785755,    1.5454545
   1037,   9.01785755,    1.4545455
   1038,   9.01785755,   1.36363637
   1039,   9.01785755,   1.27272725
   1040,   9.01785755,   1.18181813
   1041,   9.01785755,   1.09090912
   1042,   9.01785755,           1.
   1043,   9.01785755,  0.909090936
   1044,   9.01785755,  0.818181813
   1045,   9.01785755,  0.727272749
   1046,   9.01785755,  0.636363626
   1047,   9.01785755,  0.545454562
   1048,   9.01785755,  0.454545468
   1049,   9.01785755,  0.363636374
   1050,   9.01785755,  0.272727281
   1051,   9.01785755,  0.181818187
   1052,   9.01785755, 0.0909090936
   1053,   9.10714245,     3.909091
   1054,   9.10714245,   3.81818175
   1055,   9.10714245,   3.72727275
   1056,   9.10714245,   3.63636374
   1057,   9.10714245,    3.5454545
   1058,   9.10714245,    3.4545455
   1059,   9.10714245,   3.36363626
   1060,   9.10714245,   3.27272725
   1061,   9.10714245,   3.18181825
   1062,   9.10714245,     3.090909
   1063,   9.10714245,           3.
   1064,   9.10714245,     2.909091
   1065,   9.10714245,   2.81818175
   1066,   9.10714245,   2.72727275
   1067,   9.10714245,   2.63636374
   1068,   9.10714245,    2.5454545
   1069,   9.10714245,    2.4545455
   1070,   9.10714245,   2.36363626
   1071,   9.10714245,   2.27272725
   1072,   9.10714245,   2.18181825
   1073,   9.10714245,     2.090909
   1074,   9.10714245,           2.
   1075,   9.10714245,   1.90909088
   1076,   9.10714245,   1.81818187
   1077,   9.10714245,   1.72727275
   1078,   9.10714245,   1.63636363
   1079,   9.10714245,    1.5454545
   1080,   9.10714245,    1.4545455
   1081,   9.10714245,   1.36363637
   1082,   9.10714245,   1.27272725
   1083,   9.10714245,   1.18181813
   1084,   9.10714245,   1.09090912
   1085,   9.10714245,           1.
   1086,   9.10714245,  0.909090936
   1087,   9.10714245,  0.818181813
   1088,   9.10714245,  0.727272749
   1089,   9.10714245,  0.636363626
   1090,   9.10714245,  0.545454562
   1091,   9.10714245,  0.454545468
   1092,   9.10714245,  0.363636374
   1093,   9.10714245,  0.272727281
   1094,   9.10714245,  0.181818187
   1095,   9.10714245, 0.0909090936
   1096,    9.1964283,     3.909091
   1097,    9.1964283,   3.81818175
   1098,    9.1964283,   3.72727275
   1099,    9.1964283,   3.63636374
   1100,    9.1964283,    3.5454545
   1101,    9.1964283,    3.4545455
   1102,    9.1964283,   3.36363626
   1103,    9.1964283,   3.27272725
   1104,    9.1964283,   3.18181825
   1105,    9.1964283,     3.090909
   1106,    9.1964283,           3.
   1107,    9.1964283,     2.909091
   1108,    9.1964283,   2.81818175
   1109,    9.1964283,   2.72727275
   1110,    9.1964283,   2.63636374
   1111,    9.1964283,    2.5454545
   1112,    9.1964283,    2.4545455
   1113,    9.1964283,   2.36363626
   1114,    9.1964283,   2.27272725
   1115,    9.1964283,   2.18181825
   1116,    9.1964283,     2.090909
   1117,    9.1964283,           2.
   1118,    9.1964283,   1.90909088
   1119,    9.1964283,   1.81818187
   1120,    9.1964283,   1.72727275
   1121,    9.1964283,   1.63636363
   1122,    9.1964283,    1.5454545
   1123,    9.1964283,    1.4545455
   1124,    9.1964283,   1.36363637
   1125,    9.1964283,   1.27272725
   1126,    9.1964283,   1.18181813
   1127,    9.1964283,   1.09090912
   1128,    9.1964283,           1.
   1129,    9.1964283,  0.909090936
   1130,    9.1964283,  0.818181813
   1131,    9.1964283,  0.727272749
   1132,    9.1964283,  0.636363626
   1133,    9.1964283,  0.545454562
   1134,    9.1964283,  0.454545468
   1135,    9.1964283,  0.363636374
   1136,    9.1964283,  0.272727281
   1137,    9.1964283,  0.181818187
   1138,    9.1964283, 0.0909090936
   1139,   9.28571415,     3.909091
   1140,   9.28571415,   3.81818175
   1141,   9.28571415,   3.72727275
   1142,   9.28571415,   3.63636374
   1143,   9.28571415,    3.5454545
   1144,   9.28571415,    3.4545455
   1145,   9.28571415,   3.36363626
   1146,   9.28571415,   3.27272725
   1147,   9.28571415,   3.18181825
   1148,   9.28571415,     3.090909
   1149,   9.28571415,           3.
   1150,   9.28571415,     2.909091
   1151,   9.28571415,   2.81818175
   1152,   9.28571415,   2.72727275
   1153,   9.28571415,   2.63636374
   1154,   9.28571415,    2.5454545
   1155,   9.28571415,    2.4545455
   1156,   9.28571415,   2.36363626
   1157,   9.28571415,   2.27272725
   1158,   9.28571415,   2.18181825
   1159,   9.28571415,     2.090909
   1160,   9.28571415,           2.
   1161,   9.28571415,   1.90909088
   1162,   9.28571415,   1.81818187
   1163,   9.28571415,   1.72727275
   1164,   9.28571415,   1.63636363
   1165,   9.28571415,    1.5454545
   1166,   9.28571415,    1.4545455
   1167,   9.28571415,   1.36363637
   1168,   9.28571415,   1.27272725
   1169,   9.28571415,   1.18181813
   1170,   9.28571415,   1.09090912
   1171,   9.28571415,           1.
   1172,   9.28571415,  0.909090936
   1173,   9.28571415,  0.818181813
   1174,   9.28571415,  0.727272749
   1175,   9.28571415,  0.636363626
   1176,   9.28571415,  0.545454562
   1177,   9.28571415,  0.454545468
   1178,   9.28571415,  0.363636374
   1179,   9.28571415,  0.272727281
   1180,   9.28571415,  0.181818187
   1181,   9.28571415, 0.0909090936
   1182,        9.375,     3.909091
   1183,        9.375,   3.81818175
   1184,        9.375,   3.72727275
   1185,        9.375,   3.63636374
   1186,        9.375,    3.5454545
   1187,        9.375,    3.4545455
   1188,        9.375,   3.36363626
   1189,        9.375,   3.27272725
   1190,        9.375,   3.18181825
   1191,        9.375,     3.090909
   1192,        9.375,           3.
   1193,        9.375,     2.909091
   1194,        9.375,   2.81818175
   1195,        9.375,   2.72727275
   1196,        9.375,   2.63636374
   1197,        9.375,    2.5454545
   1198,        9.375,    2.4545455
   1199,        9.375,   2.36363626
   1200,        9.375,   2.27272725
   1201,        9.375,   2.18181825
   1202,        9.375,     2.090909
   1203,        9.375,           2.
   1204,        9.375,   1.90909088
   1205,        9.375,   1.81818187
   1206,        9.375,   1.72727275
   1207,        9.375,   1.63636363
   1208,        9.375,    1.5454545
   1209,        9.375,    1.4545455
   1210,        9.375,   1.36363637
   1211,        9.375,   1.27272725
   1212,        9.375,   1.18181813
   1213,        9.375,   1.09090912
   1214,        9.375,           1.
   1215,        9.375,  0.909090936
   1216,        9.375,  0.818181813
   1217,        9.375,  0.727272749
   1218,        9.375,  0.636363626
   1219,        9.375,  0.545454562
   1220,        9.375,  0.454545468
   1221,        9.375,  0.363636374
   1222,        9.375,  0.272727281
   1223,        9.375,  0.181818187
   1224,        9.375, 0.0909090936
   1225,   9.46428585,     3.909091
   1226,   9.46428585,   3.81818175
   1227,   9.46428585,   3.72727275
   1228,   9.46428585,   3.63636374
   1229,   9.46428585,    3.5454545
   1230,   9.46428585,    3.4545455
   1231,   9.46428585,   3.36363626
   1232,   9.46428585,   3.27272725
   1233,   9.46428585,   3.18181825
   1234,   9.46428585,     3.090909
   1235,   9.46428585,           3.
   1236,   9.46428585,     2.909091
   1237,   9.46428585,   2.81818175
   1238,   9.46428585,   2.72727275
   1239,   9.46428585,   2.63636374
   1240,   9.46428585,    2.5454545
   1241,   9.46428585,    2.4545455
   1242,   9.46428585,   2.36363626
   1243,   9.46428585,   2.27272725
   1244,   9.46428585,   2.18181825
   1245,   9.46428585,     2.090909
   1246,   9.46428585,           2.
   1247,   9.46428585,   1.90909088
   1248,   9.46428585,   1.81818187
   1249,   9.46428585,   1.72727275
   1250,   9.46428585,   1.63636363
   1251,   9.46428585,    1.5454545
   1252,   9.46428585,    1.4545455
   1253,   9.46428585,   1.36363637
   1254,   9.46428585,   1.27272725
   1255,   9.46428585,   1.18181813
   1256,   9.46428585,   1.09090912
   1257,   9.46428585,           1.
   1258,   9.46428585,  0.909090936
   1259,   9.46428585,  0.818181813
   1260,   9.46428585,  0.727272749
   1261,   9.46428585,  0.636363626
   1262,   9.46428585,  0.545454562
   1263,   9.46428585,  0.454545468
   1264,   9.46428585,  0.363636374
   1265,   9.46428585,  0.272727281
   1266,   9.46428585,  0.181818187
   1267,   9.46428585, 0.0909090936
   1268,    9.5535717,     3.909091
   1269,    9.5535717,   3.81818175
   1270,    9.5535717,   3.72727275
   1271,    9.5535717,   3.63636374
   1272,    9.5535717,    3.5454545
   1273,    9.5535717,    3.4545455
   1274,    9.5535717,   3.36363626
   1275,    9.5535717,   3.27272725
   1276,    9.5535717,   3.18181825
   1277,    9.5535717,     3.090909
   1278,    9.5535717,           3.
   1279,    9.5535717,     2.909091
   1280,    9.5535717,   2.81818175
   1281,    9.5535717,   2.72727275
   1282,    9.5535717,   2.63636374
   1283,    9.5535717,    2.5454545
   1284,    9.5535717,    2.4545455
   1285,    9.5535717,   2.36363626
   1286,    9.5535717,   2.27272725
   1287,    9.5535717,   2.18181825
   1288,    9.5535717,     2.090909
   1289,    9.5535717,           2.
   1290,    9.5535717,   1.90909088
   1291,    9.5535717,   1.81818187
   1292,    9.5535717,   1.72727275
   1293,    9.5535717,   1.63636363
   1294,    9.5535717,    1.5454545
   1295,    9.5535717,    1.4545455
   1296,    9.5535717,   1.36363637
   1297,    9.5535717,   1.27272725
   1298,    9.5535717,   1.18181813
   1299,    9.5535717,   1.09090912
   1300,    9.5535717,           1.
   1301,    9.5535717,  0.909090936
   1302,    9.5535717,  0.818181813
   1303,    9.5535717,  0.727272749
   1304,    9.5535717,  0.636363626
   1305,    9.5535717,  0.545454562
   1306,    9.5535717,  0.454545468
   1307,    9.5535717,  0.363636374
   1308,    9.5535717,  0.272727281
   1309,    9.5535717,  0.181818187
   1310,    9.5535717, 0.0909090936
   1311,   9.64285755,     3.909091
   1312,   9.64285755,   3.81818175
   1313,   9.64285755,   3.72727275
   1314,   9.64285755,   3.63636374
   1315,   9.64285755,    3.5454545
   1316,   9.64285755,    3.4545455
   1317,   9.64285755,   3.36363626
   1318,   9.64285755,   3.27272725
   1319,   9.64285755,   3.18181825
   1320,   9.64285755,     3.090909
   1321,   9.64285755,           3.
   1322,   9.64285755,     2.909091
   1323,   9.64285755,   2.81818175
   1324,   9.64285755,   2.72727275
   1325,   9.64285755,   2.63636374
   1326,   9.64285755,    2.5454545
   1327,   9.64285755,    2.4545455
   1328,   9.64285755,   2.36363626
   1329,   9.64285755,   2.27272725
   1330,   9.64285755,   2.18181825
   1331,   9.64285755,     2.090909
   1332,   9.64285755,           2.
   1333,   9.64285755,   1.90909088
   1334,   9.64285755,   1.81818187
   1335,   9.64285755,   1.72727275
   1336,   9.64285755,   1.63636363
   1337,   9.64285755,    1.5454545
   1338,   9.64285755,    1.4545455
   1339,   9.64285755,   1.36363637
   1340,   9.64285755,   1.27272725
   1341,   9.64285755,   1.18181813
   1342,   9.64285755,   1.09090912
   1343,   9.64285755,           1.
   1344,   9.64285755,  0.909090936
   1345,   9.64285755,  0.818181813
   1346,   9.64285755,  0.727272749
   1347,   9.64285755,  0.636363626
   1348,   9.64285755,  0.545454562
   1349,   9.64285755,  0.454545468
   1350,   9.64285755,  0.363636374
   1351,   9.64285755,  0.272727281
   1352,   9.64285755,  0.181818187
   1353,   9.64285755, 0.0909090936
   1354,   9.73214245,     3.909091
   1355,   9.73214245,   3.81818175
   1356,   9.73214245,   3.72727275
   1357,   9.73214245,   3.63636374
   1358,   9.73214245,    3.5454545
   1359,   9.73214245,    3.4545455
   1360,   9.73214245,   3.36363626
   1361,   9.73214245,   3.27272725
   1362,   9.73214245,   3.18181825
   1363,   9.73214245,     3.090909
   1364,   9.73214245,           3.
   1365,   9.73214245,     2.909091
   1366,   9.73214245,   2.81818175
   1367,   9.73214245,   2.72727275
   1368,   9.73214245,   2.63636374
   1369,   9.73214245,    2.5454545
   1370,   9.73214245,    2.4545455
   1371,   9.73214245,   2.36363626
   1372,   9.73214245,   2.27272725
   1373,   9.73214245,   2.18181825
   1374,   9.73214245,     2.090909
   1375,   9.73214245,           2.
   1376,   9.73214245,   1.90909088
   1377,   9.73214245,   1.81818187
   1378,   9.73214245,   1.72727275
   1379,   9.73214245,   1.63636363
   1380,   9.73214245,    1.5454545
   1381,   9.73214245,    1.4545455
   1382,   9.73214245,   1.36363637
   1383,   9.73214245,   1.27272725
   1384,   9.73214245,   1.18181813
   1385,   9.73214245,   1.09090912
   1386,   9.73214245,           1.
   1387,   9.73214245,  0.909090936
   1388,   9.73214245,  0.818181813
   1389,   9.73214245,  0.727272749
   1390,   9.73214245,  0.636363626
   1391,   9.73214245,  0.545454562
   1392,   9.73214245,  0.454545468
   1393,   9.73214245,  0.363636374
   1394,   9.73214245,  0.272727281
   1395,   9.73214245,  0.181818187
   1396,   9.73214245, 0.0909090936
   1397,    9.8214283,     3.909091
   1398,    9.8214283,   3.81818175
   1399,    9.8214283,   3.72727275
   1400,    9.8214283,   3.63636374
   1401,    9.8214283,    3.5454545
   1402,    9.8214283,    3.4545455
   1403,    9.8214283,   3.36363626
   1404,    9.8214283,   3.27272725
   1405,    9.8214283,   3.18181825
   1406,    9.8214283,     3.090909
   1407,    9.8214283,           3.
   1408,    9.8214283,     2.909091
   1409,    9.8214283,   2.81818175
   1410,    9.8214283,   2.72727275
   1411,    9.8214283,   2.63636374
   1412,    9.8214283,    2.5454545
   1413,    9.8214283,    2.4545455
   1414,    9.8214283,   2.36363626
   1415,    9.8214283,   2.27272725
   1416,    9.8214283,   2.18181825
   1417,    9.8214283,     2.090909
   1418,    9.8214283,           2.
   1419,    9.8214283,   1.90909088
   1420,    9.8214283,   1.81818187
   1421,    9.8214283,   1.72727275
   1422,    9.8214283,   1.63636363
   1423,    9.8214283,    1.5454545
   1424,    9.8214283,    1.4545455
   1425,    9.8214283,   1.36363637
   1426,    9.8214283,   1.27272725
   1427,    9.8214283,   1.18181813
   1428,    9.8214283,   1.09090912
   1429,    9.8214283,           1.
   1430,    9.8214283,  0.909090936
   1431,    9.8214283,  0.818181813
   1432,    9.8214283,  0.727272749
   1433,    9.8214283,  0.636363626
   1434,    9.8214283,  0.545454562
   1435,    9.8214283,  0.454545468
   1436,    9.8214283,  0.363636374
   1437,    9.8214283,  0.272727281
   1438,    9.8214283,  0.181818187
   1439,    9.8214283, 0.0909090936
   1440,   9.91071415,     3.909091
   1441,   9.91071415,   3.81818175
   1442,   9.91071415,   3.72727275
   1443,   9.91071415,   3.63636374
   1444,   9.91071415,    3.5454545
   1445,   9.91071415,    3.4545455
   1446,   9.91071415,   3.36363626
   1447,   9.91071415,   3.27272725
   1448,   9.91071415,   3.18181825
   1449,   9.91071415,     3.090909
   1450,   9.91071415,           3.
   1451,   9.91071415,     2.909091
   1452,   9.91071415,   2.81818175
   1453,   9.91071415,   2.72727275
   1454,   9.91071415,   2.63636374
   1455,   9.91071415,    2.5454545
   1456,   9.91071415,    2.4545455
   1457,   9.91071415,   2.36363626
   1458,   9.91071415,   2.27272725
   1459,   9.91071415,   2.18181825
   1460,   9.91071415,     2.090909
   1461,   9.91071415,           2.
   1462,   9.91071415,   1.90909088
   1463,   9.91071415,   1.81818187
   1464,   9.91071415,   1.72727275
   1465,   9.91071415,   1.63636363
   1466,   9.91071415,    1.5454545
   1467,   9.91071415,    1.4545455
   1468,   9.91071415,   1.36363637
   1469,   9.91071415,   1.27272725
   1470,   9.91071415,   1.18181813
   1471,   9.91071415,   1.09090912
   1472,   9.91071415,           1.
   1473,   9.91071415,  0.909090936
   1474,   9.91071415,  0.818181813
   1475,   9.91071415,  0.727272749
   1476,   9.91071415,  0.636363626
   1477,   9.91071415,  0.545454562
   1478,   9.91071415,  0.454545468
   1479,   9.91071415,  0.363636374
   1480,   9.91071415,  0.272727281
   1481,   9.91071415,  0.181818187
   1482,   9.91071415, 0.0909090936
   1483,   7.31339788,   2.54420996
   1484,    7.3161912,   3.45962524
   1485,  0.247766167,   3.64796829
   1486,   7.17163944,   2.53151512
   1487,   7.31805801,   2.89407277
   1488,   7.14482832,   2.94135857
   1489,   6.96093845,   2.92708588
   1490,   6.76730728,   2.93609548
   1491,   6.55616713,   2.92668629
   1492,   6.41637135,   2.91449428
   1493,   6.22261143,   2.93202114
   1494,   6.96390915,   2.74774265
   1495,   7.14497614,    2.7471931
   1496,   7.32265806,   2.72320485
   1497,   7.29222441,   3.07075071
   1498,    7.0767293,   3.05000973
   1499,   6.95205212,   3.03918147
   1500,   6.79603815,   3.09042335
   1501,   6.63670969,   3.07268119
   1502,   6.36144018,   3.12793446
   1503,   6.21974039,   3.11540937
   1504,   5.97211313,   3.07856846
   1505,   5.80540323,   3.11639428
   1506,   5.62541199,   3.06972957
   1507,   7.29369593,   3.27718759
   1508,   7.08824921,   3.26879478
   1509,   6.92679739,   3.32309389
   1510,   6.76810265,   3.26369572
   1511,   6.57699966,    3.2264657
   1512,   6.39429331,   3.29829192
   1513,   6.20841408,   3.30470634
   1514,   6.00331497,   3.25612569
   1515,   5.80768061,   3.29746294
   1516,   5.60963821,   3.26531267
   1517,   5.42610264,   3.28264189
   1518,   5.26907873,    3.3267324
   1519,   5.07462358,   3.32838559
   1520,    4.8798213,   3.32425976
   1521,   4.72698069,   3.24475455
   1522,   4.55569029,   3.27184343
   1523,   7.31322098,   3.63445091
   1524,   7.09266472,   3.62695003
   1525,   6.94782066,   3.59976459
   1526,   6.78929615,   3.67035151
   1527,   6.60468197,   3.63223505
   1528,   6.42743349,   3.64885235
   1529,   6.23890686,   3.62743878
   1530,   5.79533291,   3.64486527
   1531,   5.61915493,   3.65592813
   1532,   5.44650841,   3.66540194
   1533,   5.26021051,   3.64659524
   1534,   5.06088686,   3.57954144
   1535,   4.91896105,   3.63558722
   1536,    4.7011137,   3.60978079
   1537,   4.45912409,   3.59728384
   1538,   4.15205908,   3.66517472
   1539,   3.97054148,   3.61300159
   1540,   3.71705914,   3.69920397
   1541,   3.54495072,   3.67149615
   1542,   3.39245057,   3.57311296
   1543,   3.15922403,   3.63308454
   1544,   2.96181154,   3.61860299
   1545,   2.79144239,   3.65716457
   1546,   2.60459208,   3.65896153
   1547,   2.43431211,   3.66985965
   1548,   2.25924468,   3.67955852
   1549,   2.07092738,   3.60199594
   1550,   1.89704084,   3.61099291
   1551,   1.70589209,   3.62411571
   1552,   1.53603017,   3.62357473
   1553,    1.3015095,   3.66034818
   1554,   1.15351939,   3.64173722
   1555,  0.960077345,   3.66098619
   1556,  0.588237047,   3.65983486
   1557,  0.423224866,   3.68730879
   1558,   2.86715269,   3.46756911
   1559,   3.04934859,   3.45565963
   1560,   3.22494459,   3.43677258
   1561,   3.39976978,   3.41884899
   1562,    3.5864296,   3.49667907
   1563,    3.7716558,   3.47263622
   1564,   3.94805169,   3.45111251
   1565,   4.12708282,   3.42390156
   1566,    4.3042469,   3.47485423
   1567,    4.4740324,   3.45024896
   1568,   4.64297962,   3.42702127
   1569,   4.88124561,   3.47098112
   1570,   5.06353283,     3.451756
   1571,   5.25866985,   3.49233246
   1572,   5.41305447,   3.45036769
   1573,   5.60533953,   3.47819185
   1574,   5.77944613,   3.47230506
   1575,   6.01260233,   3.47998405
   1576,   6.18146515,   3.43257213
   1577,   6.41747904,   3.38820887
   1578,   6.59076262,   3.40829802
   1579,   6.77225828,   3.43057299
   1580,   6.94361639,   3.45654798
   1581,   7.14367819,   3.46085048
   1582,   7.31401825,    3.8131063
   1583,   7.12562084,   3.81743026
   1584,   6.94277143,   3.83541584
   1585,   6.76700258,   3.83566451
   1586,   6.59230947,   3.82748008
   1587,   6.41507435,   3.82492161
   1588,   6.23561478,   3.82375383
   1589,   5.96917248,   3.82548857
   1590,   5.79207611,    3.8247838
   1591,    5.6141634,    3.8271718
   1592,   5.43421459,   3.82817888
   1593,   5.25139618,   3.82783604
   1594,   5.07024622,   3.83356333
   1595,   4.89143562,   3.83476901
   1596,   4.71352816,   3.82088256
   1597,   4.53425741,   3.81646514
   1598,   4.34424591,   3.81807756
   1599,   4.16004181,   3.83164763
   1600,   3.98506403,   3.83953667
   1601,   3.71777749,   3.80641913
   1602,   3.52928638,   3.82822275
   1603,   3.34824729,   3.82230282
   1604,   3.16943479,   3.82542872
   1605,   2.99678755,   3.83361554
   1606,   2.80482817,   3.80480647
   1607,   2.61222863,   3.83547139
   1608,   2.43848515,   3.84372091
   1609,   2.26065016,   3.84191275
   1610,   2.06260562,   3.83321881
   1611,   1.88562167,    3.8691833
   1612,   1.72778702,   3.83963513
   1613,   1.46742868,   3.78210163
   1614,   1.28775942,   3.83404565
   1615,   1.09781313,   3.84524393
   1616,  0.922447622,   3.83076119
   1617,  0.728435695,   3.81764245
   1618,  0.537979126,   3.83292079
   1619,  0.357712179,   3.82964039
   1620,  0.261486501,   3.84846997
   1621, 0.0851258263,   3.64210439
   1622, 0.0848599821,   3.78582478
   1623, 0.0840884149,   3.71395326
   1624, 0.0868912488,   3.85706139
   1625, 0.0889918208,   3.92829561
   1626,   2.77825093,   3.47515965
   1627,   6.31310415,   2.91983867
   1628,   7.24608803,   2.47866154
   1629,   2.95874262,   3.46177554
   1630,    7.0936842,   2.58229256
   1631,   7.37464571,   2.36014104
   1632,   7.30877542,   2.41723275
   1633,   7.01360798,   2.63125801
   1634,   6.92744017,   2.67209506
   1635,    6.6715703,   2.77838421
   1636,   6.58874846,    2.8120389
   1637,   6.50708055,   2.85353875
   1638,   6.13551092,   2.95090914
   1639,   6.04942226,   2.97185111
   1640,   5.96418238,    2.9932487
   1641,   5.79441023,   3.03293133
   1642,   5.45813608,    3.1097455
   1643,   5.87918901,   3.01377487
   1644,   5.28508902,    3.1483736
   1645,   5.10825682,   3.20140219
   1646,    4.2929821,   3.31327724
   1647,   3.76226568,   3.38636923
   1648,   2.33501577,   3.50610256
   1649,   4.02872992,   3.35312247
   1650,   1.25811088,   3.57937455
   1651,    1.7956388,   3.54513741
   1652,  0.722383261,   3.55556536
   1653,   4.11730099,   3.33988619
   1654,   1.88553631,   3.53471875
   1655,  0.642421544,    3.5653398
   1656,   5.19792843,   3.17200613
   1657,    1.3545059,   3.56058192
   1658,   5.37214947,   3.12867522
   1659,   3.85052037,   3.37574148
   1660,   5.00698423,   3.24494338
   1661,   2.68935776,   3.48157454
   1662,    2.2452786,   3.51281762
   1663,   4.38078117,   3.29967713
   1664,   2.42334557,   3.49957156
   1665,   1.15717757,   3.56840158
   1666,   4.81270218,   3.23606443
   1667,  0.800973773,   3.56055379
   1668,  0.174847826,   3.57211137
   1669,  0.558238328,   3.57626414
   1670,   4.46844959,    3.2858932
   1671,     1.706545,    3.5440402
   1672,   1.44217372,   3.55138063
   1673,   1.97602761,   3.52681184
   1674,   4.64144135,   3.25781226
   1675,  0.264313579,   3.57861495
   1676,   1.06581199,   3.57428932
   1677,  0.885439992,     3.568923
   1678,  0.468907356,   3.58531356
   1679,    2.1549952,    3.5182879
   1680,   2.60032535,   3.48759151
   1681,   1.61659777,   3.54368329
   1682,   4.20523977,   3.32636666
   1683,   3.67294812,   3.39785957
   1684,   1.52881467,   3.54611611
   1685,  0.368298262,   3.60183358
   1686,  0.974862337,   3.57357287
   1687,   2.51144648,   3.49351501
   1688,   2.06534743,   3.52232695
   1689,   3.93934774,   3.36455178
   1690,   3.98025703,   3.91957927
   1691,    3.8016448,   3.91275787
   1692,   3.52741528,   3.91216445
   1693,   3.34583974,   3.91154385
   1694,   3.16687536,   3.91387892
   1695,   2.98824716,   3.91525936
   1696,   2.80254126,   3.90668154
   1697,   2.61775494,   3.91770649
   1698,   2.43913794,   3.92295122
   1699,   2.25842738,   3.91966462
   1700,   2.16493487,   3.91637897
   1701,   2.34990716,   3.92213964
   1702,   2.52795815,   3.92124081
   1703,   2.70902419,    3.9117732
   1704,   2.89609623,   3.91108704
   1705,   3.07805371,   3.91553116
   1706,   3.25590634,   3.91220498
   1707,   3.43630338,   3.91203237
   1708,   3.61938787,   3.91029239
   1709,   3.71114564,   3.90753651
   1710,   3.89114618,    3.9176178
   1711,   4.06946945,   3.91852903
   1712,  0.178430289,   3.92647171
   1713,   2.06905365,   3.91428638
   1714,   1.89281631,   3.92918229
   1715,   1.72102034,   3.92310905
   1716,   1.54328895,   3.92619395
   1717,   1.36585009,   3.92496324
   1718,    1.0915972,   3.92051339
   1719,  0.911387324,   3.91460967
   1720,   0.72618258,   3.90910721
   1721,  0.541930735,   3.91506314
   1722,  0.360724211,   3.91675401
   1723,  0.268804908,   3.92243791
   1724,  0.451556951,   3.91708827
   1725,  0.633161128,   3.91148782
   1726,  0.819360733,   3.91090846
   1727,   1.00143182,   3.91854048
   1728,   1.18339598,   3.92020059
   1729,   1.27505016,   3.91971135
   1730,   1.45476711,   3.92714047
   1731,   1.63239133,   3.92386699
   1732,   1.80704057,   3.92684627
   1733,   1.97493136,   3.91851401
   1734,   6.14542246,   3.91362381
   1735,   5.96641445,   3.91343331
   1736,   6.41443157,   3.91303992
   1737,   6.59324884,   3.91438603
   1738,   6.77100945,    3.9172008
   1739,   7.31640673,   3.90596962
   1740,    7.1335187,   3.90826535
   1741,   6.95130348,   3.91564655
   1742,   5.78775358,    3.9129324
   1743,   5.60847855,   3.91356373
   1744,    5.4278326,   3.91375875
   1745,   5.24636221,   3.91419554
   1746,   5.06573343,   3.91643119
   1747,   4.88486385,   3.91640639
   1748,   4.70454788,    3.9113965
   1749,   4.52573919,   3.90827775
   1750,   4.34122562,   3.90972233
   1751,   4.15952396,   3.91572237
   1752,   4.25026894,   3.91232467
   1753,   4.43331909,   3.90856242
   1754,   4.61595821,   3.90881181
   1755,   4.79429626,   3.91433597
   1756,   4.97556067,   3.91707873
   1757,   5.15606546,   3.91520691
   1758,   5.33701563,   3.91376352
   1759,   5.51845455,   3.91379571
   1760,   5.69822311,   3.91326046
   1761,   5.87713337,   3.91307712
   1762,   6.05592537,   3.91362262
   1763,   6.23497915,   3.91304612
   1764,   6.32459879,   3.91275954
   1765,   6.50436163,    3.9135704
   1766,   6.68218088,   3.91598439
   1767,   6.86036634,   3.91793466
   1768,    7.0425005,     3.912184
   1769,   7.22479582,   3.90630865
   1770,   7.40804815,   3.90719438
   1771,   7.41827393,   2.43913555
   1772,   7.40859699,   2.90304136
   1773,   7.40405846,   3.36425376
   1774,   7.40821218,   3.63551259
   1775,   7.41287708,   2.72558689
   1776,   7.40367603,   2.99357986
   1777,   7.39605331,   3.27023983
   1778,   7.40746021,   3.72485542
   1779,   7.41350222,   2.54413652
   1780,   7.40748978,   3.45604777
   1781,   7.41361713,   2.63599563
   1782,   7.41126966,   2.81379008
   1783,   7.39596605,   3.08529305
   1784,   7.38955116,   3.17673802
   1785,   7.40833998,   3.54635286
   1786,   7.40734148,   3.81555104
   1787,   3.13749743,   3.44766068
   1788,   5.71013117,   3.05095816
   1789,   3.31084204,   3.42558455
   1790,  0.173664987,   3.85510826
   1791,  0.318833053,   3.66995764
   1792,  0.167683154,   3.78463793
   1793,  0.164730951,   3.71363854
   1794,  0.168273583,   3.64266658
   1795,   5.72364521,   3.12936497
   1796,   6.87860155,   2.78807735
   1797,   5.88839817,   3.09987307
   1798,   4.47242117,    3.3679266
   1799,   4.38518429,   3.38079929
   1800,   2.78236151,   3.56062937
   1801,   7.06679535,   2.71219635
   1802,   6.22298765,   3.02445316
   1803,   7.21910763,   2.59212899
   1804,   2.69213581,   3.56673694
   1805,   4.64153481,   3.34067464
   1806,   6.75720024,    2.7486763
   1807,   5.54236174,   3.09024787
   1808,  0.500271261,   3.67018747
   1809,   1.61877596,   3.62017822
   1810,   2.16170144,   3.59995794
   1811,   2.34243035,   3.58910418
   1812,   2.51577234,   3.57672524
   1813,   2.60305667,   3.57202506
   1814,   3.68104672,   3.48429441
   1815,   4.21297979,   3.40872097
   1816,   4.29846239,   3.39400697
   1817,   5.31575584,    3.2256093
   1818,   5.40026569,   3.20626378
   1819,    3.6186769,   3.82547116
   1820,   1.18782735,    3.8443377
   1821,   4.07161856,   3.83696342
   1822,    3.2349143,   3.52232575
   1823,   1.37474871,   3.63984251
   1824,   6.62477446,   2.89068484
   1825,   7.30972385,   3.37041855
   1826,   3.05639267,   3.54507971
   1827,   6.05610704,   3.05664206
   1828,   7.14624596,   2.64715433
   1829,   3.14709783,   3.53801298
   1830,   5.34723234,   3.30311775
   1831,   6.79209566,   2.84159827
   1832,   6.71319056,   2.92506647
   1833,   7.21889162,   2.71339965
   1834,   1.18182516,    3.7730751
   1835,   3.60689163,    3.7509973
   1836,   1.38990188,     3.713696
   1837,   3.69119334,    3.5656476
   1838,   3.05600119,   3.64622855
   1839,     4.071527,   3.75571799
   1840,  0.392447501,   3.76959372
   1841,   1.62131667,   3.69590926
   1842,    5.6434288,   3.14402699
   1843,   6.91967773,    2.8581636
   1844,   5.89787769,   3.19445896
   1845,   4.55790472,   3.35495186
   1846,   2.87103081,   3.54853559
   1847,   6.30453634,   3.02222323
   1848,   6.99096584,   2.82313657
   1849,   4.72236395,   3.32776666
   1850,   5.48617268,   3.18918896
   1851,   3.31419539,   3.50173712
   1852,   5.23282337,   3.25114822
   1853,   3.58118606,   3.40774369
   1854,   7.22323132,   3.38191271
   1855,   6.14044857,   3.03777742
   1856,   6.06525803,   3.14217281
   1857,  0.236882791,   3.71365643
   1858,   3.32440853,    3.5624907
   1859,   3.39972663,   3.49693656
   1860,   2.96377754,   3.54382896
   1861,   3.48968196,   3.41378117
   1862,   4.55879402,   3.44215536
   1863,    5.1943922,   3.35811782
   1864,   5.30486441,    3.4042244
   1865,    6.6979785,   2.85759664
   1866,   6.59637785,   2.98365831
   1867,   6.29208374,   3.11760664
   1868,  0.449787319,   3.76377583
   1869,   1.46354735,   3.70642447
   1870,  0.363972992,   3.72113872
   1871,   1.10222363,   3.77535462
   1872,   3.53062868,   3.74984479
   1873,   3.78022575,   3.55614018
   1874,   4.15807724,   3.74739647
   1875,   6.38321829,   3.03402042
   1876,   1.74027073,   3.74615312
   1877,   5.72802258,    3.2115016
   1878,   7.06967211,   2.80368042
   1879,   4.80089951,   3.32037497
   1880,   7.25397158,   2.64640713
   1881,   5.51155138,   3.26750565
   1882,   5.56828928,   3.17015696
   1883,   2.69266963,   3.65441179
   1884,   7.22689056,   3.46346712
   1885,   7.23153973,   2.80351591
   1886,   6.85920429,    2.9030087
   1887,  0.671650589,    3.6411562
   1888,   3.85913324,   3.46247625
   1889,   6.32588196,    3.8238008
   1890,   3.89943337,   3.83669615
   1891,   6.05777931,     3.825984
   1892,   1.46253788,   3.85462308
   1893,   1.01085794,   3.83932638
   1894,   6.50532961,   3.82600355
   1895,   2.16558719,   3.68174601
   1896,   3.43909383,   3.82569838
   1897,   5.88060665,   3.82473826
   1898,   1.63652146,   3.84484196
   1899,   0.82777983,    3.8228941
   1900,    6.6794734,   3.83133483
   1901,   3.25776649,    3.8216331
   1902,   4.25158739,    3.8239615
   1903,   4.83411264,   3.47098827
   1904,   5.70301819,   3.82601595
   1905,   1.81556988,   3.85128355
   1906,  0.629357159,   3.82458663
   1907,   6.85342979,   3.83960223
   1908,   3.08260846,   3.83063889
   1909,    4.4395442,   3.81880903
   1910,   5.52479076,   3.82820749
   1911,   1.94611824,   3.82742691
   1912,   5.37989378,   3.38082051
   1913,  0.450881839,   3.83868122
   1914,   7.03344774,   3.82689071
   1915,   2.90621209,   3.82621551
   1916,   4.62647486,   3.81355762
   1917,   0.86659497,   3.65319014
   1918,   3.58864379,   3.59123087
   1919,   7.01929188,   2.89267206
   1920,   6.32983875,   3.73355937
   1921,   3.83860111,   3.74077606
   1922,   6.05956125,   3.73843288
   1923,   1.02563953,   3.75968862
   1924,   6.50903749,   3.73727107
   1925,   3.44596243,   3.74165177
   1926,   5.88363218,   3.73456597
   1927,  0.841703534,   3.73741341
   1928,   6.68220758,   3.74574232
   1929,   4.24912691,   3.73614097
   1930,   3.26014781,    3.7253778
   1931,   5.70598173,   3.73840547
   1932,   1.84355974,   3.78155613
   1933,  0.616454065,   3.74102235
   1934,   6.84855986,   3.76814508
   1935,   4.44832993,   3.73616481
   1936,   3.08104253,   3.74336839
   1937,   3.48974967,   3.49744749
   1938,   5.53020859,   3.74397039
   1939,   1.97006595,   3.74866176
   1940,   7.01842499,   3.74456096
   1941,   6.49773264,   2.98634267
   1942,   4.63966799,   3.70401168
   1943,   2.92682958,    3.7499249
   1944,   1.21767712,   3.63780427
   1945,   5.81135035,   3.20666909
   1946,   3.59838533,   3.69377112
   1947,   1.80267274,   3.64702368
   1948,   4.06753397,   3.67471385
   1949,   4.90272665,   3.23436975
   1950,    2.2525239,   3.59540272
   1951,   5.98323584,   3.16837144
   1952,   7.22045374,    3.5471909
   1953,   3.00167179,   3.69636369
   1954,   2.06785107,   3.75874662
   1955,   4.73408031,   3.50903559
   1956,    5.4548111,   3.35745978
   1957,   3.86741471,   3.54978108
   1958,  0.727852821,   3.71817875
   1959,  0.938417614,   3.74720263
   1960,   4.55825329,   3.53861761
   1961,   7.32748127,   2.63846731
   1962,   1.54736137,   3.77694201
   1963,   6.34696674,   3.21205115
   1964,   5.71183205,   3.29171634
   1965,   5.51704741,   3.33161998
   1966,   3.48209691,   3.57879043
   1967,   6.45893812,   3.06863189
   1968,   4.85499954,   3.40137172
   1969,   5.34277105,   3.82787442
   1970,   2.16464019,   3.83796811
   1971,   3.16777086,   3.73070693
   1972,   4.05825901,   3.59714222
   1973,   1.98612297,   3.67660642
   1974,   6.15395832,   3.27266312
   1975,    6.4204154,   3.73646283
   1976,   3.98759317,   3.68452406
   1977,   5.97167492,   3.73640728
   1978,   6.59673309,   3.73695016
   1979,   3.35487056,   3.73317122
   1980,   5.79465389,   3.73570299
   1981,   6.76986837,   3.75646019
   1982,   4.35018015,    3.7194531
   1983,   5.61775875,   3.74168849
   1984,  0.525691867,   3.75308871
   1985,   6.93141794,   3.76151109
   1986,    4.5401144,   3.72817516
   1987,    6.7525239,   3.02601099
   1988,   5.44045019,   3.74511027
   1989,   7.11291122,    3.7263763
   1990,   4.73170757,   3.72892809
   1991,   5.34881067,   3.74343109
   1992,   2.94654059,   3.68350601
   1993,   3.95739126,    3.5342319
   1994,   7.12810612,   3.53667831
   1995,   7.31522322,   3.54791021
   1996,   1.06105614,   3.66914177
   1997,   6.41221237,   3.22927856
   1998,   5.58712673,   3.37590861
   1999,   3.46182251,   3.65900803
   2000,   4.91244364,   3.41892624
   2001,   5.91114473,   3.30467939
   2002,   6.50467682,   3.18592215
   2003,   4.82088566,   3.55006218
   2004,    4.9031291,   3.51061177
   2005,   4.13578224,   3.50455761
   2006,    5.6960144,    3.3797884
   2007,   2.87785006,   3.62234473
   2008,   6.21668816,   3.20601702
   2009,   6.34020281,   3.64514494
   2010,   3.92405963,   3.69664979
   2011,    6.0617981,   3.65426517
   2012,   6.51123238,   3.65120316
   2013,    5.8865447,   3.64063644
   2014,   6.69389391,   3.66464424
   2015,    4.3190074,   3.63202715
   2016,   1.98378313,   3.60261703
   2017,   4.03785801,   3.43711042
   2018,    4.8152504,   3.74702573
   2019,   6.33833122,   3.28273392
   2020,   7.21958017,   3.81354022
   2021,   5.25582743,    3.7405901
   2022,   2.16593146,    3.7615509
   2023,     7.211483,   3.63321257
   2024,   4.95276594,   3.34552288
   2025,   5.78932476,   3.38604689
   2026,   6.60563946,   3.15222621
   2027,   5.49251986,   3.42314315
   2028,    7.1477356,   3.39295363
   2029,   6.90326595,   2.97017145
   2030,   2.34746122,   3.67494011
   2031,   5.33535957,   3.48584771
   2032,   4.40040874,   3.66223335
   2033,   6.87291622,   3.62929678
   2034,   5.70539904,   3.65057683
   2035,   4.22851229,   3.57039499
   2036,    6.7099309,   3.60528636
   2037,   5.89024639,   3.53627944
   2038,   6.29693079,   3.35427284
   2039,   6.07120943,   3.57284594
   2040,   7.21374512,   3.72191787
   2041,   7.12697029,   3.32734346
   2042,   7.09184122,    3.3970871
   2043,   6.28655863,   3.54416108
   2044,   6.28199244,   3.20623207
   2045,   4.96044302,   3.45690441
   2046,   4.83845949,   3.66948938
   2047,   3.87525368,   3.64530635
   2048,   2.42899561,   3.58324838
   2049,   6.23861122,   3.73067212
   2050,   6.14878464,   3.73638201
   2051,   3.76784754,   3.72123146
   2052,   5.87113619,   3.40288186
   2053,   5.16251564,   3.74606705
   2054,   6.70442915,   3.10537624
   2055,   4.80246353,    3.8295238
   2056,   5.61482668,   3.56926155
   2057,   6.83840799,   3.00935078
   2058,   7.09192085,   2.92267179
   2059,   4.04746771,   3.51815987
   2060,   5.38502264,   3.53063822
   2061,   6.47807264,   3.25817227
   2062,   5.97604847,   3.64700484
   2063,    2.8539443,   3.72209024
   2064,     6.837924,   3.56283355
   2065,   4.38732719,   3.53734517
   2066,    5.5326333,   3.66186285
   2067,    5.7007637,   3.56239319
   2068,   6.99259472,   3.66796446
   2069,   4.59486532,   3.62154222
   2070,   5.01283026,   3.39322329
   2071,   5.30978823,   3.56782532
   2072,   5.23281622,   3.42782402
   2073,   5.37374735,   3.58852458
   2074,   5.97838116,    3.3752923
   2075,   5.93773365,   3.44681954
   2076,   5.16780567,   3.45956755
   2077,   5.12596321,   3.39849162
   2078,   4.23810053,   3.65163016
   2079,   6.33544922,   3.33240199
   2080,   5.78992367,   3.55615759
   2081,   5.98794651,   3.55871606
   2082,   7.15217781,   2.87520695
   2083,   7.31252527,   3.72296929
   2084,   7.06445694,   3.44389606
   2085,    5.0066371,     3.509969
   2086,   7.16399145,    3.2257247
   2087,   6.67501068,   3.18589258
   2088,   4.90034819,   3.75751829
   2089,   3.64182663,   3.66254282
   2090,   5.15861273,    3.6653192
   2091,   5.44181919,   3.51596165
   2092,   6.45153666,   3.32667422
   2093,   7.01074696,   2.99257755
   2094,   4.30914211,   3.55280209
   2095,   5.53001451,   3.57997227
   2096,   6.73690224,   3.52325058
   2097,   4.51423836,   3.59849429
   2098,    7.0140667,   3.56296349
   2099,   5.15230656,   3.53796053
   2100,   6.44435263,   3.55309415
   2101,    6.4683466,   3.43120313
   2102,   7.23204613,   2.88371229
   2103,    5.1483264,   3.59280443
   2104,   4.22023344,   3.48924208
   2105,    6.7048173,   3.45439267
   2106,   4.38696957,   3.46039009
   2107,   6.80479002,   3.49577808
   2108,   5.69466019,   3.47223902
   2109,   6.33207464,     3.400913
   2110,   6.28279161,   3.44314528
   2111,   6.98092222,   3.35443449
   2112,   7.05266476,   3.51026726
   2113,    6.7676177,   3.14370775
   2114,   4.98766422,   3.68277431
   2115,   6.90601826,   3.53540897
   2116,   4.98634052,   3.75752711
   2117,   6.10511303,   3.48707604
   2118,   5.35721874,   3.66324306
   2119,   6.87704182,   3.09402704
   2120,     7.095716,   3.16027713
   2121,    4.9406929,   3.55764246
   2122,   6.10373354,   3.29959011
   2123,   7.06653738,   3.35562468
   2124,   6.27915525,   3.28672266
   2125,   7.26070404,   3.17107177
   2126,   6.82488918,   3.41659284
   2127,   6.96488953,   3.51159072
   2128,   6.56398726,   3.54534984
   2129,   6.54210567,   3.29343557
   2130,   5.06988239,   3.67119527
   2131,   7.11848402,   2.99785137
   2132,   6.95853281,   3.15753269
   2133,    7.1580267,   3.10348916
   2134,   6.04054356,   3.33097363
   2135,   6.23006058,   3.49362159
   2136,   4.46842098,    3.5282228
   2137,   4.98146009,   3.83598208
   2138,   6.68047571,   3.37373352
   2139,   6.41370821,   3.48529434
   2140,   7.02952051,   3.21203828
   2141,   2.51903725,   3.66481924
   2142,   2.26050425,   3.76196718
   2143,   6.14256811,   3.36306238
   2144,    6.6599021,   3.27756739
   2145,   6.83268833,   3.18125486
   2146,   4.64969444,   3.58342719
   2147,   6.85788584,   3.29196143
   2148,   6.76166439,   3.35534072
   2149,   2.35076833,   3.84295583
   2150,   6.24244738,   3.38413167
   2151,   6.59658766,    3.3241725
   2152,    7.3212347,   2.80758858
   2153,   6.89643049,   3.38522887
   2154,   6.90435934,    3.2218256
   2155,   6.07950354,   3.40080452
   2156,   6.84152603,   2.71129179
   2157,   5.10987091,   3.50572968
   2158,   2.70272779,   3.82583475
   2159,   7.22210741,   2.96228385
   2160,   2.52522349,   3.83991599
   2161,   1.32070148,   3.72800422
   2162,   7.19804764,   3.03648829
   2163,   7.30951595,   2.98129058
   2164,   1.23858833,   3.68949842
   2165,   1.39310193,   3.78447723
   2166,   5.16041374,   3.83046174
   2167,   2.69018745,   3.74203563
   2168,    2.6072526,   3.74860811
   2169,    2.5224092,   3.75354576
   2170,   7.49054575,   2.10597515
   2171,   7.47252655,   2.18332601
   2172,   7.44058752,   2.28603292
   2173,   7.45760632,   2.36245251
   2174, 0.0873847455,   3.57077169
   2175,   7.34669352,   2.46348047
   2176,   7.20286751,   3.30068374
   2177,    6.1474185,   3.82491112
   2178,   1.37839615,   3.85274959
   2179,   1.54744375,   3.85110521
   2180,   3.81330776,   3.82611775
   2181,  0.724955916,   3.61093354
   2182,   1.45374894,   3.62934589
   2183,   5.15110493,    3.2840755
   2184,  0.245421201,   3.77966452
   2185,  0.313970536,   3.76181865
   2186,   1.25635231,    3.7560842
   2187,   7.14926672,   2.80690813
   2188,   6.66511965,   2.98062158
   2189,   6.56665897,   3.03956556
   2190,   6.53374195,   3.11126685
   2191,   1.17087877,   3.70543647
   2192,   6.43296337,   3.15177608
   2193,   1.33475554,   3.78049564
   2194,   1.63436389,   3.76867056
   2195,   2.34978938,   3.76008606
   2196,   2.43673921,     3.756953
   2197,   2.76000667,   3.73546028
   2198,   3.00464034,   3.75649643
   2199,   3.67081404,    3.7312603
   2200,    3.9105444,   3.75925422
   2201,   3.98959994,   3.76104188
   2202,   5.07241821,   3.75245953
   2203,    7.0213356,   3.10193992
   2204,   4.78890848,   3.39813924
   2205,   4.71952868,   3.41231942
   2206,   0.28990531,   3.71513891
   2207,   1.11099708,   3.71796846
   2208,  0.780757666,   3.63668585
   2209,   1.54177165,   3.70101595
   2210,   6.14494181,   3.12407017
   2211,   1.69056904,   3.68731451
   2212,   5.66080141,   3.20591712
   2213,   7.08243322,   2.87243342
   2214,   1.88173783,     3.714782
   2215,   1.91889608,   3.66741776
   2216,   2.07247233,   3.68080783
   2217,   3.26721406,   3.62002087
   2218,   3.70829988,   3.63912106
   2219,   3.37067151,   3.64882135
   2220,   2.89235759,   3.67444849
   2221,   7.02726746,   3.31002021
   2222,   6.97247934,   3.26507306
   2223,    6.8197813,   2.94832563
   2224,   4.45846939,   3.66603875
   2225,   4.53006649,   3.65414453
   2226,   4.76986456,   3.63922524
   2227,   4.91084003,   3.68794894
   2228,   4.78849506,   3.45953155
   2229,   6.15048409,   3.20623899
   2230,   6.07976341,     3.224298
   2231,   7.05809975,   2.95248866
   2232,   6.91126347,   3.69189405
   2233,   4.64647865,   3.51345801
   2234,   3.78469443,   3.63695621
   2235,   4.97729588,   3.61349177
   2236,   4.14405203,   3.58394027
   2237,   4.38924932,   3.60733843
   2238,   4.87780142,   3.60269141
   2239,   5.19912624,    3.5158205
   2240,     5.218472,   3.57713628
   2241,    7.0248127,   3.38999486
   2242,   5.44909763,   3.58929539
   2243,   6.73560858,   3.19753194
   2244,   5.26405621,   3.54667854
   2245,   7.00307465,   3.49010539
   2246,   6.99931002,   3.45232582
   2247,   6.85027027,   3.71248865
   2248,   6.51328611,   3.36522722
   2249,   6.76949406,   3.59054255
   2250,   6.14580011,   3.65394044
   2251,   6.87456799,   3.45990825
   2252,   6.95128727,   3.40273929
   2253,   6.83543253,   3.36119509
   2254,    5.5181222,   3.49765611
   2255,   6.99267101,    3.4159236
   2256,    6.6704936,   3.56205511
   2257,   6.51785851,   3.48257828
   2258,   5.84526491,   3.47037363
   2259,     6.024755,    3.4191618
   2260,   6.37266254,   3.43950582
   2261,   6.63224506,    3.4928453
   2262,   6.17710304,   3.54846048
   2263,   6.37103081,   3.35538268
   2264,   6.50603771,   3.58339691
   2265,   6.13216639,   3.59113169
   2266,   6.35856581,    3.5655098
   2267,   6.36484861,   3.51277471
   2268,   6.32551003,   3.48476195